dat 35778,36,31264,36,31827,6146,34689
dat 30785,36,34817,31777,37,2624,35841
dat 31778,256,2624,31777,37,31778,272,1121
dat 31842,10368,33793,2624,31969,1200,35043
dat 34035,37763,31778,384,3123,60289,52097
dat 65535,32960,57584,65535,65535,0,0,0,0
dat 65535,65535,64764,64764,0,0,0,0,65535
dat 65535,61688,61680,0,0,20,63736,0,0,0,0
dat 65535,65535,0,0,0,0,65535,65535,65535
dat 65535,65535,65535,0,0,0,0,43733,60159,0
dat 0,2823,256,0,0,775,1807,0,0,0,0,0,0,0,0
dat 0,0,65535,65535,0,0,65535,65535,65535
dat 65535,0,0,65535,65535,1818,58874,0,0,0
dat 0,16159,16159,43605,43522,65535,65535,0
dat 0,0,0,65535,65535,0,0,0,0,18944,255,0
dat 65535,65409,16384,57584,64767,7951,7951
dat 65535,65535,0,0,16639,65535,0,0,53440
dat 49344,49347,59639,65535,65535,30655
dat 53248,1823,65535,769,771,65535,65535
dat 60413,16128,0,0,0,0,65343,5903,0,0,0,0
dat 0,0,65535,65535,0,0,0,0,65535,65535
dat 61680,63740,2561,0,0,0,0,0,60391,58311
dat 0,49151,65535,65535,0,0,5182,5406,0,0,0
dat 0,60101,43807,65012,53248,65535,65535,0
dat 0,61664,57568,0,0,0,0,0,0,21802,21844,0
dat 0,0,0,31,10815,0,0,5432,5144,65535
dat 65535,61137,60145,65504,54720,65535
dat 65535,63736,63736,16624,65535,44795
dat 44272,0,0,65535,65535,0,0,65535,65535,0
dat 0,65280,0,65535,65535,0,0,65535,65535,0
dat 0,65022,61664,3847,1795,0,0,65535,65535
dat 65275,1283,65535,0,1535,0,65535,65535,2
dat 8063,48927,513,2167,1896,1912,1895,272
dat 2169,1621,1604,2150,2186,1914,819,2168
dat 529,1913,1911,51559,59670,1282,3586
dat 3586,40507,22808,40489,51519,10522
dat 63770,59710,8507,24379,12898,8960,63863
dat 63770,62761,24378,12811,12289,9018
dat 50000,40704,51518,37385,49153,11817
dat 9048,4914,258,9596,3586,3586,59767
dat 59711,59774,40567,6477,36865,2306,51498
dat 51519,8193,9513,40713,53079,36926,36865
dat 39936,37467,9047,62321,15956,37146
dat 14650,36865,51506,59739,9524,8539,8497
dat 8550,24162,59689,37432,2306,2306,2306
dat 59732,40507,59767,2306,36865,40016
dat 11344,39039,35647,31546,55140,45144
dat 51514,36865,51506,12289,9022,58199
dat 21119,21051,10601,5498,2381,39168,10559
dat 3586,10620,59748,59732,36865,39168
dat 40551,10596,22793,37463,2306,39168
dat 36865,21045,31806,28673,30296,34353
dat 30327,49929,15460,9063,58189,37713
dat 37503,63807,8548,10576,4732,10554,36865
dat 38185,38242,9575,36865,2306,59729,40554
dat 2306,36865,57909,37495,37439,51480
dat 51512,21018,63094,29502,1794,34399
dat 34326,21324,14718,49973,9073,8960,12824
dat 40728,10587,14680,2306,36865,59710,2306
dat 2306,62778,37387,59701,10602,37435
dat 37481,21105,10520,37499,40713,10614
dat 40827,12888,16178,8984,46943,34381
dat 13930,54789,56425,54107,15657,32563
dat 12852,12826,10619,14618,4708,37712
dat 10548,37429,59748,37387,10614,59657
dat 37376,37439,37495,63812,62731,61961
dat 37385,40826,62335,54016,28023,45912
dat 34388,46643,48180,48461,3330,3330,53249
dat 48447,8998,9047,15995,37376,10534,10554
dat 21016,10614,22842,37381,37499,37426
dat 40709,10546,62842,10576,63770,49713
dat 51514,40772,54834,3330,53249,19761
dat 48440,46955,53249,3330,19761,1026,3330
dat 54337,32625,10576,61745,2306,2306,9513
dat 40038,10520,10561,10584,10602,10603
dat 37402,61245,65147,40746,40746,37426
dat 9578,2407,13435,54313,3330,1026,19313
dat 56113,3330,3330,16385,1026,1026,3330
dat 17213,13056,14648,51514,51514,21105
dat 51547,40529,21041,8193,514,514,21045
dat 61308,24446,37429,10587,9594,51547
dat 64593,29546,35708,16385,1026,19313
dat 19295,3330,3330,17408,54349,1026,16385
dat 56125,16154,16190,62043,12085,16178
dat 12858,24418,62043,770,62292,16223,16219
dat 62292,62250,62250,12085,8193,21016,891
dat 32026,55116,1026,16385,56187,3330,17408
dat 54313,54399,1026,1026,54377,48433,61441
dat 3842,62230,16223,16196,16223,62230
dat 62285,770,12289,12289,770,770,770,13056
dat 770,62327,62285,12289,15109,15621,19298
dat 1026,19313,45057,56190,19753,19774,1026
dat 1026,56576,29746,61441,8193,3842,12041
dat 61441,514,8193,12289,40034,20481,24106
dat 3586,57345,43332,38149,59648,59711
dat 37481,37385,37464,8507,24379,8551,15913
dat 63863,37637,62761,24378,9040,12289,9018
dat 50000,10537,10549,10522,21050,57947
dat 12856,258,258,24106,3586,60928,59767
dat 39429,59746,59724,36865,2306,36865
dat 51498,10559,11391,37376,49769,48896
dat 47369,47451,24358,10549,9011,12856
dat 12900,20762,37161,2306,10622,37417,9524
dat 15913,4730,4634,57912,40539,37432,2306
dat 36865,2306,1282,59690,59767,2306,36865
dat 22795,21041,51507,34584,31593,54847
dat 27397,47165,51551,37441,770,24383,8535
dat 9531,9537,10601,8510,36865,2306,10559
dat 58686,10619,59748,40507,39168,2306
dat 10596,10596,59659,37463,2306,36865
dat 39168,21045,40704,30776,46925,30331
dat 26692,13930,15460,12898,9037,13691
dat 10546,6463,4689,10576,8516,51547,39168
dat 36865,38242,21118,2306,2306,40571,37482
dat 2306,36865,21016,10572,37439,22808
dat 51518,21018,40823,49972,30234,30288
dat 34346,48896,32570,49973,62259,9010
dat 12824,40728,6491,37713,2306,2306,59710
dat 2306,2306,9530,37387,59701,37427,63828
dat 37385,8704,36920,10546,40713,62781
dat 63794,12888,62330,45147,26426,30264
dat 30788,47416,3330,3330,55045,15642,29272
dat 12826,40785,14618,8193,37712,63820
dat 59739,59748,10564,40791,59724,37376
dat 10614,37495,63812,63851,62785,37376
dat 10558,62331,54092,56069,19761,46650
dat 27434,27416,53249,53249,16385,3330,3330
dat 64818,9047,15933,10564,40791,10554
dat 37453,10614,22842,37381,10546,10618
dat 63807,37464,9066,10576,63770,12138
dat 51514,40772,770,48497,3330,54335,19313
dat 47872,56120,3330,19764,19780,16385
dat 56576,46206,15418,16193,51569,2306,514
dat 22810,59767,10561,10584,10602,10614
dat 37402,40828,12913,9483,63793,10619
dat 62779,40017,16139,53310,19712,1026
dat 19249,45057,53249,53249,16385,1026,1026
dat 19770,3330,52530,9083,39977,51514,10552
dat 38185,10547,57345,62838,40781,21118
dat 37400,65130,40830,40788,10587,11386
dat 39989,53115,770,54890,1026,16385,48426
dat 3330,54325,3330,16385,1026,1026,16385
dat 19799,57165,770,62043,12085,9073,12858
dat 24418,61237,16235,16150,16204,16137
dat 62232,62234,12289,3842,8193,21090,29566
dat 26494,18226,19780,16385,46136,19226
dat 1026,19322,29705,46171,1026,46080,49023
dat 514,16191,62230,16223,62310,16223,62230
dat 62285,770,12289,770,770,13056,12289
dat 12289,12289,62234,13056,770,15734,57112
dat 64280,1026,46136,46943,46131,54398
dat 46936,31553,3330,53249,62264,12074,514
dat 61441,62005,61993,514,12120,12289,40034
dat 23138,58719,57345,60928,40507,22808
dat 59648,59711,10522,10522,37464,8551
dat 62804,9063,49978,40809,14655,40762
dat 12900,12900,12289,9018,13652,14676
dat 10622,10522,9513,514,4664,12568,4703
dat 21042,3586,57345,40524,59711,59746
dat 40567,43288,2306,2306,39974,10559,49740
dat 63812,53097,32588,46853,45057,27991
dat 51006,9047,770,9066,5385,37673,36865
dat 40024,10587,9524,58203,8459,4634,61240
dat 40539,37432,2306,36865,2306,40550,59690
dat 40553,36865,2306,22795,514,36865,2385
dat 55117,28673,34381,34381,31103,10534
dat 13056,12900,8193,6422,20992,37495,514
dat 36865,2306,37381,57345,37426,40528
dat 10596,2306,2306,40528,10596,22795,10557
dat 36865,39168,2306,9481,10537,38963,24638
dat 1794,26474,34342,9010,9063,16184,37713
dat 37499,37381,3842,10576,4732,37438,2306
dat 36865,38242,21118,2306,2306,59729,40554
dat 36865,2306,9477,10572,37439,22808,10546
dat 63851,63820,63812,28731,1794,26474
dat 29489,54025,56411,64297,28467,12824
dat 37144,37503,13656,36865,36865,10534
dat 2306,2306,10598,37387,59701,9522,37376
dat 37385,9534,39992,10546,37385,40830
dat 37489,48954,48972,27928,30264,30230
dat 30327,53300,3330,3330,3330,3330,29758
dat 12826,9595,14618,58214,10501,63820
dat 37438,59748,10564,40791,59724,37376
dat 37719,10572,40704,37439,64617,10549
dat 10558,62331,3330,56576,3330,15697,46943
dat 31512,53249,3330,54296,54340,19761
dat 19324,61963,28284,10564,7245,37417
dat 21016,10614,22842,10623,37499,37426
dat 63807,37464,9066,14655,63770,12088
dat 51514,63744,16184,48497,3330,1026,48434
dat 45057,56170,54903,55081,1026,17408
dat 53249,19761,46424,62257,36920,2306
dat 21105,22810,40524,37425,10584,10602
dat 37502,37402,40828,61234,9483,63793
dat 10619,62779,40017,62315,29819,54391
dat 1026,46130,48426,3330,31529,28673,56120
dat 54363,3330,19815,3330,16190,51547,51514
dat 63800,22875,10620,11841,514,65130,10614
dat 9574,15922,63862,40788,37429,21003
dat 39977,50756,25353,55166,1026,1026,46130
dat 3330,1026,1026,46143,54298,54313,46138
dat 13312,63237,770,8193,514,9073,9001
dat 24418,8193,13056,16150,62250,16137
dat 62250,770,62250,62043,9590,21090,50795
dat 14171,55116,13388,18232,56187,47872
dat 1026,1026,16385,1026,54330,19307,16241
dat 514,12090,3842,62250,770,16223,16223
dat 16150,770,12289,770,770,770,770,770,770
dat 16233,62327,12289,770,849,46668,16385
dat 31488,31583,53249,53249,3330,54324,3330
dat 53249,57176,3842,514,61993,61441,61441
dat 8193,12120,770,51559,42343,24106,3586
dat 3586,40507,22808,38212,59711,10522
dat 10522,37464,8507,24379,4706,49920,27706
dat 22313,32570,12372,61235,13056,12868
dat 13652,37376,37464,37385,9513,57914
dat 12862,258,258,9596,57345,57345,40524
dat 59711,59746,38263,10573,2306,39168
dat 51556,10559,9552,20992,37385,30796
dat 31579,27995,47145,45885,62295,4987
dat 49408,20762,6491,39168,51582,10587,9524
dat 57658,4676,8550,60928,59689,59761,36865
dat 2306,36865,59732,39511,40524,2306,36865
dat 40016,49764,2306,2306,26419,1794,26494
dat 24577,27716,21057,12289,12900,4669
dat 21115,21042,37402,7803,2381,36865,6463
dat 3586,10619,59748,10596,36865,2306,10596
dat 40507,22795,37463,2306,2306,36865,21045
dat 40704,13579,30783,1794,26418,26666
dat 12923,12898,58189,50744,10546,37381
dat 12826,5376,8193,10554,2306,22784,38242
dat 21118,36865,36865,10577,10620,2306,2306
dat 37400,10572,37439,39168,37498,62838
dat 14668,64297,63103,1794,26452,34625
dat 64831,54537,15657,32570,37178,62772
dat 24361,13656,2306,36865,37427,36865
dat 36865,37460,40715,10549,37427,37435
dat 37385,21105,39992,37499,63770,63862
dat 38778,54021,48408,3330,31526,1794,35637
dat 15128,55081,3330,53249,3330,54845,12826
dat 21042,37737,12900,37712,37173,59739
dat 59748,37387,40791,59724,10537,10614
dat 10572,40704,9483,49713,37376,10558
dat 48946,53249,3330,3330,15666,31530,32127
dat 18227,28673,29819,54394,3330,18237
dat 21335,13686,37376,63782,10554,21016
dat 40830,36865,37381,37499,37426,63807
dat 10546,12927,14655,24325,62827,51514
dat 40772,2877,56576,53249,19717,48434,2818
dat 48461,3330,18185,32024,46138,53249
dat 53249,64894,16184,40038,36865,9534
dat 22810,59767,10561,37502,10602,21118
dat 10601,63850,65147,9483,63793,37426
dat 24443,51536,22323,32105,54363,16385
dat 56187,56113,54298,1026,1026,1026,54298
dat 1026,1026,54328,15210,40062,39977,4608
dat 51514,40529,21041,62838,61311,21118
dat 10598,12849,514,40788,10555,9594,51547
dat 53115,14203,31529,18274,1026,56187
dat 53249,16385,1026,1026,19256,1026,29696
dat 20277,57112,16190,12073,514,9073,514
dat 63862,514,770,16150,62250,16137,16230
dat 62306,12289,12085,49790,11316,49791
dat 62292,15109,64379,56126,46886,46904
dat 53249,1026,1026,16385,19834,3330,11070
dat 12139,3842,62230,16223,16223,62250
dat 16223,13056,770,770,770,12289,770,770
dat 12289,13056,12289,62327,16233,770,62230
dat 15729,56183,46634,31595,48487,3330
dat 53249,16385,19839,3330,25726,3842,12054
dat 61993,3842,12090,514,12120,12289,40034
dat 1282,3586,59999,57345,43332,22808,59648
dat 59711,10615,37385,37464,4703,24379
dat 12898,15428,27706,50985,32570,50011
dat 9040,13056,9018,37178,14676,10622,10522
dat 9513,514,12862,4097,258,24106,60928
dat 59999,40524,59711,59746,59724,10573
dat 36865,2306,39974,39941,49740,20992
dat 40713,28683,31606,54837,35675,55117
dat 62295,770,9066,20762,37161,36865,40024
dat 10587,9524,15913,4730,4634,11889,43305
dat 37432,36865,36865,2306,59732,39511
dat 40524,2306,38262,22795,514,36865,2306
dat 31032,1794,30326,26112,24644,11313,770
dat 8498,8535,63766,58168,37495,8510,36865
dat 2306,6463,3586,37457,59748,59748,2306
dat 2306,40528,10596,38197,59766,36865,2306
dat 22834,9481,40704,14603,1797,1794,26494
dat 26666,15483,9018,9073,13691,10546,37381
dat 9065,62811,4732,10554,36865,2306,59706
dat 21118,39168,2306,37499,10620,36865,2306
dat 37453,10572,37439,39992,40049,62827
dat 23337,64309,30779,1794,30310,28710
dat 64794,19514,29498,49920,9012,37144
dat 40757,21298,2306,2306,9483,36865,36865
dat 10598,10564,37385,9522,37435,10549
dat 40817,39941,37499,40792,24446,48234
dat 32077,53249,3330,46943,30314,34613
dat 17972,31488,32005,48472,56069,13374
dat 12826,9595,14618,12900,10501,63796
dat 59739,59748,37387,40791,10505,37376
dat 37719,37495,37376,24407,24369,63812
dat 14654,27981,3330,3330,19788,54835,31575
dat 48507,3330,19770,35682,56114,3330,25650
dat 9047,13686,10564,63782,37417,21016
dat 40830,38185,37381,10546,37426,37381
dat 37464,9066,37637,24325,514,51507,48128
dat 3330,54335,25658,25658,19313,2818,46193
dat 54356,16385,1026,54298,53249,48447
dat 11049,770,40038,2306,9534,40038,40524
dat 37425,37426,10602,10614,57345,65105,514
dat 37427,37418,37426,62807,2818,56170
dat 48437,28673,53270,19313,2818,1026,17408
dat 1026,1026,17408,1026,54370,17408,45951
dat 40062,51547,4608,51547,10620,21041
dat 12913,40781,10614,514,9083,63862,40788
dat 37417,21003,39989,56383,15721,15625
dat 54352,1026,19313,48511,1026,1026,17408
dat 16385,1026,46080,20265,17271,62266
dat 12073,62043,9073,12858,24418,8516,16235
dat 770,16204,62261,16180,16235,13056,12085
dat 9590,49717,21069,16178,16193,54390,3330
dat 48440,32088,3330,1026,1026,17408,1026
dat 54379,13374,8193,12132,61441,16223
dat 62310,61441,62230,62285,12289,770,13056
dat 770,770,12289,770,770,16233,12289,12289
dat 12289,16223,3330,1026,31538,46946,48472
dat 56576,19838,1026,1026,19770,46206,16179
dat 12054,3842,61441,12824,8193,12120,13056
dat 40034,1282,24106,3586,3586,40507,22808
dat 59648,59711,10522,10522,37464,4097
dat 13668,12898,12868,49925,64575,873,12900
dat 9040,13056,12868,50000,37376,37464
dat 10522,21050,8193,9048,258,4703,21042
dat 59999,44586,59767,59711,59746,59724
dat 39168,39168,2306,39974,39941,21041,9540
dat 10549,1655,31546,55124,46889,1918,12289
dat 12289,9066,20762,6491,36865,10622,10496
dat 37400,57658,8459,4634,61240,40539,59761
dat 2306,2306,36865,59732,22826,40524,2306
dat 38246,40016,11344,22835,40023,26426
dat 1794,30296,34353,2838,20481,12289,9010
dat 25165,21115,62843,10601,4732,2381,36865
dat 37381,60928,10557,40528,59748,2306
dat 22784,37456,37435,40501,37463,2306
dat 36865,2306,9563,40704,50000,27710,1794
dat 30335,26746,1592,9063,12856,25201,10602
dat 6463,8548,62811,4608,10554,2306,36865
dat 38242,21118,36865,36865,59729,37482
dat 2306,36865,37453,10572,15963,39988
dat 10558,62838,48186,45882,14207,1794
dat 26373,30731,64297,49982,12856,9010
dat 12824,37144,37429,21298,36865,2306
dat 58635,2306,36865,37460,10564,10549
dat 37427,10580,10549,12863,2355,10546
dat 10558,9796,54789,32077,3330,54902,46943
dat 26409,50772,15640,3330,48384,15167
dat 57097,12852,12826,9595,14618,3842,37712
dat 10548,59739,59748,37387,40791,10505
dat 37376,10614,63820,40704,62731,12085
dat 37376,52504,3330,3330,19721,19788,46643
dat 46687,55146,3330,17408,18264,26430
dat 19306,9778,25165,58238,10564,63782
dat 10554,9524,40830,22842,10623,37499
dat 10618,63807,37464,25165,14655,24325
dat 16241,64297,3330,1026,1026,3330,18217
dat 46909,47872,54340,19803,16385,1026
dat 27930,19793,45144,64603,16189,39992
dat 2306,21105,38249,59767,10561,10584
dat 10602,10614,37402,8193,25201,65124
dat 62769,9846,3330,53249,53249,53249,32098
dat 29737,46900,56141,1026,17408,1026,17408
dat 16385,17408,19712,57206,881,10587,51547
dat 62826,22875,10547,21041,61310,40781
dat 21118,57909,9083,63862,62811,37429,9537
dat 54591,11625,17271,32113,16385,1026
dat 19313,56114,1026,1026,1026,1026,16385
dat 1026,1026,57215,13829,12073,62043,9073
dat 12858,24418,514,62250,62250,13056,62306
dat 62250,16235,770,61441,49790,21016,12159
dat 16184,15729,1026,16385,46136,46185
dat 19738,1026,16385,1026,1026,53878,28493
dat 3842,65280,3842,62250,62310,3842,3842
dat 62285,12289,12289,12289,12289,770,770
dat 770,770,16233,62327,62285,16196,56376
dat 16385,1026,48426,31591,3330,53249,54360
dat 17408,1026,54372,13374,61441,8193,61993
dat 12041,12824,12091,12120,770,40034,42343
dat 24106,3586,3586,59732,22808,59648,59711
dat 6426,6426,10558,8490,24379,9063,9750
dat 63863,63770,53050,9062,12900,770,12868
dat 13652,37376,37464,10522,21050,514,9073
dat 258,8490,24106,3586,3586,59767,40453
dat 40528,40567,38196,2306,2306,39974,10559
dat 8704,63785,53097,1816,31551,31551,35610
dat 53083,12862,770,12923,21274,14650,2306
dat 37464,10496,37400,9051,4730,8550,11889
dat 43305,10609,2306,36865,2306,59732,38246
dat 59767,36865,36865,40016,11344,2306
dat 31057,1794,26421,34330,30334,39936
dat 39987,12289,8498,4669,9522,9537,10601
dat 8510,2381,36865,37381,24122,10557,40528
dat 59732,2306,36865,37456,10596,38170,1282
dat 36865,2306,38267,21118,63785,27774
dat 26490,1794,34346,1638,62725,12898,13056
dat 13691,37499,6463,4688,10576,8516,37438
dat 36865,2306,59706,21118,2306,2306,59698
dat 59775,2306,36865,10552,10572,24439
dat 38249,37489,62838,31802,62219,1794
dat 26368,34353,48954,50038,15451,62321
dat 12923,12824,62772,40757,37758,2306,2306
dat 37498,2306,2306,37460,10564,10549,37427
dat 10580,10549,12863,51507,37499,37750
dat 48972,54021,32077,3330,64382,31510
dat 30234,26624,48408,53249,54789,54025
dat 48216,49944,9065,24382,14618,12900
dat 10501,37173,37438,59748,37387,40791
dat 37429,10537,37439,63820,63785,40767
dat 9013,38778,48461,3330,3330,16385,3330
dat 30266,31510,55146,53249,54325,3330
dat 48442,48465,62326,9047,21374,10564
dat 37719,37417,21016,63832,22842,10623
dat 10546,10618,40709,40792,9010,62746
dat 40792,16228,47466,16385,16385,1026
dat 46138,46138,31526,31565,3330,1026,1026
dat 16385,28673,1538,61441,9472,16223,2306
dat 2306,9534,38153,59767,40497,10584,40828
dat 21118,37495,63850,25201,49722,11316
dat 45905,19775,56576,46180,46899,1794
dat 27981,46136,48507,19814,16385,1026
dat 19819,18279,27981,15657,16189,62331
dat 37417,39977,61311,22875,37438,21041
dat 65142,37453,62065,9524,12881,514,63846
dat 10518,25151,11529,64859,54846,16385
dat 16385,17408,46136,32077,16385,16385
dat 17408,1026,16385,1026,15627,16177,62266
dat 12858,8193,9073,514,63862,4666,62271
dat 770,62250,62261,62285,12289,12289,62032
dat 514,49748,62335,54584,16385,1026,1026
dat 48491,46168,19765,16385,1026,16385
dat 64267,45175,62213,61441,61441,61441
dat 62250,62310,16223,16223,770,770,770
dat 12289,12289,770,770,770,770,12289,16234
dat 12353,56120,54356,16385,1026,19249
dat 46910,3330,3330,54330,16385,19307,63038
dat 8193,8193,514,8193,12041,12824,8193
dat 61441,12289,40034,42343,24106,57345
dat 3586,59732,38149,59648,59711,6426,10522
dat 10558,258,20992,9048,49978,63863,40809
dat 15479,15444,12900,770,9018,37178,37376
dat 10622,10522,9513,514,9048,12568,4097
dat 11889,3586,3586,40524,40453,40528,40567
dat 59672,36865,2306,51544,39941,514,20992
dat 31014,45065,51994,45147,830,37467,9011
dat 62321,9066,21274,6491,2306,10622,37417
dat 37400,58170,8459,4634,11889,40448,59761
dat 2306,2306,36865,1282,59690,40524,36865
dat 2306,40016,11344,39977,26445,26468
dat 30800,26373,47483,40043,1282,770,8498
dat 4669,24385,21051,37402,5498,2381,36865
dat 37381,57345,10557,40528,59732,36865
dat 22784,37456,10596,22793,59766,2306
dat 36865,2306,9590,14676,30846,1794,24577
dat 26722,12356,62725,37683,12856,37713
dat 37499,37381,4688,62811,8193,37438,36865
dat 2306,38242,21118,2306,2306,10577,10620
dat 2306,36865,37453,10572,40767,38249
dat 40827,64630,37759,770,28673,26424,26748
dat 15487,14718,14695,62321,62258,63806
dat 8489,10548,63862,36865,36865,37498,2306
dat 2306,10598,37387,10549,37400,10580
dat 37385,62002,51480,10546,37750,45056
dat 64821,15735,55045,13880,31510,14080
dat 1857,48426,57093,64794,15657,12923,9087
dat 12826,37457,14618,8528,14692,10548
dat 22875,40528,37387,40791,10572,37734
dat 10614,63820,62773,7179,9013,26918,3330
dat 3330,53249,1026,19288,30257,14143,56116
dat 3330,56576,53249,53249,64818,16212,9047
dat 21374,10564,37719,37417,21016,37502
dat 38185,37381,10546,37426,40709,65087
dat 9784,13631,40792,12907,47441,19762
dat 19764,17408,1026,19830,46943,46904
dat 53249,3330,19327,54837,48442,25650
dat 61558,40036,61441,36865,39168,57944
dat 38153,10520,40497,37426,10602,9590
dat 37495,63850,25201,21050,21116,24446
dat 45108,46138,17961,54360,1026,1026,2818
dat 48507,53249,19764,55128,26431,32077
dat 13438,16209,9086,9083,39977,51514,10552
dat 38185,37438,3586,65142,40781,514,9524
dat 12881,12913,40788,40788,8965,56075
dat 31541,28673,54395,1026,17408,46136
dat 19250,17408,1026,1026,19764,54313,46080
dat 2922,64618,16190,62043,9001,16234,12858
dat 40802,4608,770,12289,62327,62327,62285
dat 770,12289,16186,61976,64592,15192,16385
dat 17408,1026,16385,46136,54390,1026,19753
dat 16385,3339,62569,45592,65280,3842,16223
dat 16223,16223,62310,62267,62230,12289,770
dat 770,770,770,770,770,770,12289,12289
dat 12289,15739,1026,16385,1026,16385,31538
dat 46946,19775,54363,16385,46161,3842
dat 12074,514,12054,514,3842,12824,12824
dat 514,12120,770,40034,42343,24106,57345
dat 60011,59732,38149,38271,59711,37225
dat 37385,9498,4695,62804,9063,15428,37637
dat 40709,15479,24378,9040,13056,12841
dat 37178,37376,37464,10522,37434,11829
dat 4664,4097,4097,21098,24106,44586,59767
dat 59711,59746,59724,6477,39168,2306,51556
dat 22810,514,52992,10025,45147,38697,51456
dat 37376,37467,12811,12856,12900,21274
dat 10587,2306,37464,37417,9524,15913,4676
dat 8550,11889,40448,59761,36865,2306,2306
dat 59732,22868,40524,36865,36865,22865
dat 49713,38783,46645,54903,35593,27518
dat 51544,51551,22846,770,9022,4669,62779
dat 21051,37402,57650,2381,2306,6463,58686
dat 10557,40528,59732,36865,2306,10596
dat 40507,59657,37463,2306,2306,2306,21045
dat 26650,28673,30321,26692,30785,15386
dat 10501,12898,12856,37713,37503,37381
dat 3842,20777,8193,37438,2306,2306,38242
dat 21118,2306,36865,40571,59775,2306,2306
dat 9477,37495,62825,38249,37499,53018
dat 37759,29496,30266,34346,12388,63812
dat 14718,37730,62321,62258,10558,40728
dat 37429,37201,2306,2306,10534,2306,36865
dat 10598,37387,37385,37427,10580,10549
dat 44913,39941,37499,40713,37758,50756
dat 54016,64375,13882,46948,34381,48946
dat 54121,54537,57179,14121,12923,9087
dat 12824,14643,14618,12900,37712,37173
dat 37438,59748,10564,10603,10572,37376
dat 10614,40823,13594,37439,9022,50753
dat 15679,48461,53249,19723,45833,29499
dat 63258,15640,53249,53249,3330,3330,49009
dat 16212,12900,21374,10580,63782,10554
dat 8193,37502,22842,10623,10546,37426
dat 63807,40792,12927,13631,10558,62295
dat 23419,54395,19723,3330,1026,54353,46943
dat 56113,55167,27913,3330,3330,53249,45179
dat 12158,21033,3842,36865,2306,514,22810
dat 38250,40497,37426,37489,57982,10601
dat 63850,25201,8193,8193,49976,2939,54394
dat 1026,17408,16385,16385,2818,46203,55158
dat 46906,53249,1026,19761,52049,62273
dat 63032,24433,39977,39977,37489,38185
dat 10547,3586,62040,65130,8193,9524,9083
dat 62043,64603,40757,12838,14131,18229
dat 1026,16385,17408,1026,48440,56114,1026
dat 1026,19803,54356,1026,17988,61441,64618
dat 770,12858,62043,9073,61282,10614,8489
dat 62250,62285,16150,62327,62285,770,12289
dat 16186,25114,46906,27957,1026,1026,1026
dat 17408,56159,19712,16385,54330,19265
dat 62473,16503,16205,61441,3842,16223
dat 62250,16223,16223,62250,16223,62285
dat 12289,770,12289,13056,12289,770,770,770
dat 13056,770,28017,1026,1026,1026,1026
dat 27442,31595,56126,3330,19761,63032,514
dat 62013,8193,8704,8193,61993,61441,12824
dat 62047,65280,770,40034,59750,3586,3586
dat 58731,40507,59672,38271,40453,37225
dat 37385,10558,4097,20992,12898,49920
dat 14616,37637,40762,9078,24378,12289,9018
dat 37178,10537,10622,37385,9513,57947
dat 12570,4097,8490,24106,57345,3586,59767
dat 59711,40551,40567,59672,36865,2306
dat 39974,37381,514,49510,37732,27706,51514
dat 22842,37376,37467,9047,9073,20736,20762
dat 37161,39168,1282,10587,37400,15913,8459
dat 8550,11889,43305,10609,2306,36865,2306
dat 40550,59690,40524,2306,36865,51556
dat 49713,46718,46633,35642,46859,52030
dat 39977,2306,39978,770,9016,4646,63766
dat 9537,37402,5498,2381,36865,10559,58686
dat 37426,59748,59732,2306,2306,10596,10596
dat 22793,37463,36865,39168,2306,62800
dat 30770,26418,29540,34684,31099,21257
dat 37439,9063,62335,50744,37499,63807
dat 12826,9563,4685,37438,2306,38185,22842
dat 21118,36865,39168,59729,37482,36865
dat 39168,9477,10572,37439,51480,10546
dat 62838,63099,28673,30823,34342,15436
dat 14719,10558,13659,9073,12923,10558
dat 40728,10555,14680,36865,36865,10534
dat 2306,2306,10598,37387,10549,37427,37376
dat 37385,12863,51480,37499,40713,14653
dat 37755,64297,15166,1794,31510,1830,57193
dat 55561,54619,48954,16254,25212,12852
dat 12826,37426,14618,12900,14692,37495
dat 22875,59748,37387,10614,10572,37376
dat 10614,63820,63785,13579,24369,45824
dat 54092,27981,3330,29822,15157,29499
dat 48896,56120,3330,3330,3330,28030,770
dat 16196,12900,21374,10580,13645,40489
dat 9524,10614,22842,37381,10546,37426
dat 40709,10558,12927,37387,13631,16152
dat 40305,54378,19803,3330,54372,56152
dat 31530,48507,55093,55102,3330,19712,3330
dat 16154,12085,10534,12054,2306,2306,9534
dat 38153,59672,59713,10584,10602,8704
dat 37495,37453,25201,49741,11313,53042
dat 47416,54323,1026,16385,17408,54321,2818
dat 46202,55098,28673,54395,1026,16385
dat 27736,62273,12923,12881,51547,36865
dat 10552,22842,10547,57345,8193,61311,9590
dat 49717,58235,65142,24373,37503,16178
dat 26430,46655,1026,16385,19780,54360
dat 45057,3330,1026,19717,19771,19803,1026
dat 18244,3842,62058,12289,12858,62043
dat 16234,8193,40830,12073,16235,62232
dat 16223,16230,12289,770,12289,62306,61441
dat 28026,32119,1026,16385,16385,54396
dat 48449,48497,54294,1026,19268,16437
dat 62540,32589,61441,12032,16223,62250
dat 62303,62219,16223,62230,62285,12289
dat 12289,770,12289,770,770,25421,13056
dat 12289,16235,18282,16385,1026,17408
dat 16385,46715,27397,19263,3330,19761
dat 25211,8193,3842,514,8704,61441,61441
dat 3842,61441,514,3842,770,40034,40490
dat 58719,3586,60928,59732,38196,59707
dat 59711,37225,10522,37464,8459,20992
dat 12898,49920,10615,14655,40762,12826
dat 15972,12289,9018,37178,37376,10622
dat 37385,37434,11829,12862,258,4646,24106
dat 3586,57345,40524,39429,59774,59724
dat 59672,36865,2306,51556,10559,514,40704
dat 10549,53072,51514,36865,39936,37467
dat 9047,58225,12900,20762,37161,2306,59774
dat 37417,37400,58170,8470,514,57912,59701
dat 37432,36865,2306,36865,40550,59690
dat 38220,2306,2306,22884,49713,30725,31551
dat 32087,35610,50750,39977,2306,1282,770
dat 49458,4669,62779,21051,37495,49713
dat 36865,2306,10559,3586,37426,43364,59732
dat 2306,36865,10596,10596,38197,10557
dat 36865,2306,36865,561,26487,1538,30808
dat 46929,51000,15386,37439,12898,9073
dat 14715,37499,37381,12826,10576,514,10554
dat 36865,2306,38242,21118,2306,2306,40571
dat 59775,2306,2306,9477,37495,37439,51480
dat 10546,561,28673,34353,30823,26692,21367
dat 37708,40792,37730,62335,12923,21050
dat 37400,37429,37246,36865,36865,10534
dat 2306,2306,10598,6519,37385,65035,63828
dat 10549,8453,51507,37499,6426,63862,50756
dat 45882,30776,26494,31510,28683,64297
dat 49982,40757,62219,62321,12923,15412
dat 4634,37426,14618,8528,14692,37173,37438
dat 59748,37387,40791,37429,37376,24407
dat 40823,40704,40767,25088,57164,55045
dat 3330,53249,15145,29527,28496,64895
dat 53249,3330,56069,15642,16254,12289
dat 62208,9047,21329,37414,10534,10554
dat 37400,10614,22842,10623,37499,10618
dat 40709,40792,12927,37387,15423,54066
dat 3330,19723,19770,19792,46206,28673
dat 31610,53249,3330,3330,53249,1026,28539
dat 12289,64592,51494,49741,2306,36865
dat 10558,22810,40554,59713,10584,10602
dat 9590,37402,40828,9784,514,514,15739
dat 1026,18298,18253,32123,54337,31514,2818
dat 53249,53249,19323,29701,17982,50994
dat 3842,61441,12923,50043,39977,2306,37489
dat 38185,37438,57345,61310,65130,9590
dat 57909,9083,12851,24373,24404,54890
dat 46091,48503,32053,46157,1026,46206
dat 31565,19793,16385,54298,32041,36173
dat 1026,15678,16152,12159,770,24373,65126
dat 62335,62043,40830,57969,770,16180,62250
dat 62261,770,13056,16230,62306,48190,48442
dat 3330,1026,1026,16385,1026,2818,48508
dat 1026,1026,54330,29754,3328,61441,65280
dat 16191,62315,16223,770,16196,16223,3842
dat 770,13056,13056,770,12289,770,12289
dat 25421,770,770,15425,27928,1026,1026
dat 16385,16385,46714,54903,31546,54324
dat 56576,64830,12054,61441,8193,514,12863
dat 3842,9062,61441,62047,12120,13056,51559
dat 1282,58719,3586,58731,40507,38220,40516
dat 59711,6519,10522,37464,8459,9513,9063
dat 49920,14616,10522,21353,15444,15972
dat 12289,9018,14676,37376,10622,10522
dat 37434,8193,9048,258,4646,58731,24106
dat 3586,59701,59711,59774,20481,59672
dat 36865,2306,51556,10559,57956,40704,6519
dat 53072,51514,36865,10580,37467,4646
dat 58225,24320,20762,10587,2306,40024
dat 59739,37400,21306,4735,8550,24106,40448
dat 59761,36865,39168,36865,40550,59690
dat 59767,2306,38246,22865,49713,31753
dat 48233,51994,48219,40830,51514,2306
dat 40058,770,7268,58199,10518,21042,37402
dat 5498,51533,36865,10559,57345,10557
dat 39504,40507,2306,36865,40528,10596
dat 38197,10557,36865,36865,2306,53076
dat 34584,46655,35589,31601,52536,15386
dat 37439,37683,12906,25969,10546,63807
dat 4667,10576,8193,37438,2306,2306,38242
dat 9590,2306,39168,40571,10620,2306,2306
dat 11828,37495,40767,38149,40826,9083
dat 30273,26373,34644,45943,14668,37708
dat 37464,37730,12906,12923,10558,37400
dat 10587,40830,2306,2306,10534,36865,2306
dat 37460,10564,10549,37400,37376,10549
dat 12863,51507,10546,40792,62781,27648
dat 13865,28673,30331,31510,887,12918,63847
dat 14592,62246,62321,12923,15412,37434
dat 51579,14618,12900,14692,10572,37438
dat 40528,37387,10603,37429,63785,63862
dat 40823,15898,8193,45577,54121,56069
dat 19712,54067,29493,14138,13892,48426
dat 40255,57097,64809,16181,16178,770,12868
dat 12900,15483,51540,40791,10554,9524
dat 37502,38185,10623,37499,10618,14655
dat 9522,12923,12863,30002,3330,19712,1026
dat 19815,1026,46935,28673,46698,53249,3330
dat 3330,56576,64818,16254,13056,53118
dat 40001,49741,2306,36865,10558,2306,40554
dat 40497,10584,40828,57982,37402,61307
dat 9010,514,46442,19774,1026,1026,16385
dat 29748,30303,31556,31612,3330,53249
dat 19803,16385,64818,61441,62257,9044,9784
dat 21371,39977,2306,24447,22842,37438
dat 57345,61310,40781,9590,11867,12850,9022
dat 13659,27981,1026,1026,54272,54324,18252
dat 54298,45057,2818,3330,17408,1026,1026
dat 54134,15223,63039,16152,12159,770,13659
dat 65115,16178,9001,40830,514,62306,62232
dat 16235,16230,12289,770,770,57150,1026
dat 29754,19774,54330,1026,17408,19323,2818
dat 3330,16385,16385,16385,19318,19291
dat 15678,3842,16223,62250,16190,62250,770
dat 62250,3842,62285,770,770,770,770,770
dat 12289,770,12289,12289,9012,18232,1026
dat 1026,17408,53249,27392,27913,46168,1026
dat 18256,13417,53879,9733,514,62015,3842
dat 12090,12090,3842,12084,3842,770,51559
dat 40490,58719,3586,3586,40507,59672,40516
dat 59711,6519,10522,10558,4676,20992,15934
dat 15401,63863,40709,5402,7252,15972,770
dat 9018,37178,10537,10622,10522,37434
dat 57914,9048,258,258,24106,3586,3586
dat 40524,39429,59746,59724,59672,39168
dat 22884,51556,10559,514,63812,40713,53072
dat 51514,36865,39936,10549,4646,15928,8554
dat 37146,6458,36865,59774,37417,9524,20794
dat 4735,4634,11889,59716,10609,2306,36865
dat 36865,59732,40535,38220,2306,38246
dat 22865,11325,52021,48204,47369,50985
dat 36990,51514,2306,40001,4987,9016,8535
dat 21076,13681,37402,5498,36865,2306,37381
dat 57345,37457,39504,40507,2306,36865
dat 40528,10596,22793,59766,2306,36865
dat 39168,51268,30314,54847,36101,48502
dat 31821,21353,13668,58215,12906,37682
dat 10546,37381,4634,10576,8704,51514,2306
dat 22784,22842,21118,2306,2306,40571,59775
dat 36865,2306,37453,37495,63749,51480
dat 10546,25138,1794,30271,34644,15180
dat 40823,14711,40792,13626,12906,12923
dat 10558,9524,10587,37201,2306,2306,37498
dat 36865,2306,40788,10564,37385,37400
dat 37376,37385,8453,39941,37499,63770
dat 14653,50756,25403,28673,26390,31606
dat 62267,12918,63832,14592,16193,16184
dat 27772,12800,10537,63795,37225,65108
dat 14692,37173,22875,59748,10564,10603
dat 37429,40704,37439,40823,9065,38487
dat 53769,54860,27981,54337,13835,26377
dat 14138,13876,54789,54025,17210,16193
dat 8969,62332,12289,12868,58199,21329
dat 37414,37463,40489,37400,37502,2306
dat 37381,37499,37426,14655,62770,12922
dat 15935,15739,56576,54334,1026,19717,1026
dat 46943,63295,27516,3330,3330,3330,19307
dat 61542,62315,25421,12891,40001,8193
dat 36865,36865,21080,22810,59672,40497
dat 37502,37489,514,21018,65130,63032,64617
dat 23885,16385,1026,1026,2818,1794,26481
dat 2818,45057,3330,54313,19770,53249,3953
dat 3842,62219,16186,27699,40817,51514,2306
dat 24447,22842,10547,3586,62838,61208
dat 62003,61237,12850,61441,23935,17408
dat 1026,16385,54330,19318,29720,54398
dat 47872,2818,3330,1026,16385,54398,16179
dat 16177,63273,16251,64618,62321,13659
dat 37453,16234,12858,10614,61252,770,62232
dat 16235,62292,13056,62285,54142,54330
dat 54272,46138,17408,1026,1026,16385,56115
dat 56113,54360,16385,1026,1026,54789,31510
dat 46972,28543,16223,62250,62250,62257
dat 12289,12289,62230,62285,13056,12289,770
dat 12289,12289,770,770,770,770,52603,17408
dat 16385,17408,1026,19322,55159,56090
dat 19774,1026,13370,17961,20265,64820
dat 16205,12032,16191,3842,9062,9062,9065
dat 62213,770,9585,10591,23082,57345,3586
dat 40507,59672,40516,40453,6519,37385
dat 10558,4676,9513,12898,49920,14616,37637
dat 37434,13652,58192,12289,9018,6441,6484
dat 10622,10522,37434,8193,4670,258,4703
dat 57345,3586,57345,40524,39429,59746
dat 40567,38196,2306,2306,22872,10559,11344
dat 63812,10549,62820,51514,2306,39936
dat 37467,4692,15928,8554,5385,10587,36865
dat 40024,37417,9524,20794,8470,8550,11889
dat 59716,10609,2306,36865,2306,59732,40507
dat 38220,36865,36865,22865,33291,47209
dat 35647,35610,28763,40830,39998,2306
dat 22865,9073,7268,8535,9531,13681,10601
dat 8510,39168,2306,10559,24122,10557,43364
dat 59732,2306,22784,40528,10596,22793
dat 10557,2306,36865,38267,34392,30326
dat 30266,34399,33814,51569,13594,10501
dat 24371,62335,37682,51562,37381,4634
dat 10576,4632,37438,36865,2306,36865,65148
dat 2306,2306,40571,40554,36865,36865,9524
dat 37495,24346,51507,51518,29489,28673
dat 26112,34644,32536,14668,37708,37464
dat 37730,9087,9010,37434,10548,10587,6488
dat 2306,36865,37498,39168,2306,40788,37387
dat 37385,65035,37376,40713,12863,2355
dat 63794,6426,31802,53248,14141,46948,1538
dat 31590,63273,9047,40802,14592,62246
dat 12856,9010,21375,10537,63795,6426,20992
dat 37712,10572,51547,59748,37387,10603
dat 59724,40704,24407,63820,24320,29963
dat 54121,32024,3330,19761,56423,63332
dat 14091,63297,3330,32063,15642,23394,8969
dat 62332,12289,8960,12900,14699,51540
dat 51494,10554,9578,10614,2306,37381,10546
dat 10618,40709,10558,8971,62839,17970,3330
dat 19763,19775,54310,1026,46936,30273
dat 31612,53249,3330,3330,3330,64614,16215
dat 770,15448,40001,8193,36865,2306,21080
dat 22810,38250,59713,10603,37489,57882
dat 37439,9083,9010,62827,32024,1026,19268
dat 29772,55166,3330,48465,31530,45057
dat 53249,3330,19761,3330,3891,62014,770
dat 12850,50001,40817,2306,22842,10552
dat 22875,10547,24113,65142,65130,514,65115
dat 12850,62270,39807,19799,17408,19830
dat 2818,55092,54349,3330,2818,47872,19761
dat 16385,1026,56127,1662,3842,62250,16152
dat 24447,12289,13659,12858,12906,514,40830
dat 8193,62306,770,770,16230,12289,16246
dat 45887,29754,46138,19750,1026,1026,1026
dat 54370,48482,56113,54385,17408,19830
dat 29749,28539,62230,62250,16223,16223
dat 62259,12289,770,770,770,61441,62327
dat 12289,770,12289,28511,770,770,12289,770
dat 29195,16385,1026,1026,16385,1026,18042
dat 46874,46168,16385,64779,53879,32589
dat 12043,61441,12032,16191,61441,3842,3842
dat 3842,3842,65280,12289,40034,1282,24117
dat 3586,57345,40507,40500,59648,39941
dat 37225,37385,37464,4676,20992,12862
dat 15401,37637,40709,10537,9078,58192,770
dat 12841,40762,37376,10622,10522,9570,9534
dat 9048,8497,258,57345,3586,44586,59701
dat 39168,59746,59724,40500,36865,2306,1282
dat 37381,49764,28474,27706,64635,36926
dat 36865,39936,37467,4706,12906,62788
dat 37146,6458,2306,38232,10587,37400,58203
dat 4735,4634,57912,59716,37432,36865,2306
dat 2306,40550,40507,38220,2306,2306,26891
dat 47156,55124,32102,27483,51262,51574
dat 22842,2306,22865,12289,5499,25165,9531
dat 21042,10601,58174,2381,2306,10559,24155
dat 10557,43364,59732,2306,36865,10596
dat 40507,22793,59766,2306,2306,26930,18253
dat 1794,34367,26665,2365,2306,13594,10501
dat 15970,62335,37682,37499,10559,4634
dat 10576,514,37438,2306,36865,38242,21118
dat 36865,36865,59729,59775,36865,2306,9524
dat 37495,62825,36920,10552,32574,1794
dat 46669,34644,64617,40823,14711,37464
dat 37730,12906,9784,10558,37400,10587
dat 37502,2306,2306,10534,2306,2306,10598
dat 10564,37385,37400,63828,10549,12863
dat 39986,10602,25146,57088,57164,27966
dat 31595,1538,46634,64887,48137,54586
dat 37685,16193,12856,50001,9028,37434
dat 63795,37225,20992,40784,10572,22875
dat 59748,10564,37439,59724,63785,63862
dat 40823,15898,31755,54789,53249,53249
dat 3330,18294,14133,26409,14207,53249
dat 53249,53249,25681,8969,16234,12289,8960
dat 12900,14699,37478,20481,10554,37400
dat 37502,36865,10623,10546,10618,40709
dat 10558,12922,58117,15739,53249,1026,3330
dat 19825,19825,18237,1794,27469,53249
dat 53249,53249,19261,64614,62332,770,9022
dat 40001,8704,36865,2306,21080,36865,38250
dat 59713,10603,10552,11894,9577,40781,9010
dat 11371,32113,16385,1026,16385,53249,3330
dat 19770,45057,2818,31493,28009,54330
dat 53249,12032,65280,770,62273,50001,40817
dat 51514,36865,10552,22875,10547,3586
dat 61310,61208,514,514,9083,12891,50753
dat 3330,32000,27909,17982,16385,19773
dat 16385,2818,56113,18281,55131,3330,19738
dat 29311,3842,62321,16152,62772,12289
dat 63753,53045,9087,8193,10614,9528,62234
dat 9037,62285,62292,770,12289,62257,15674
dat 46167,18267,36120,16385,17408,16385
dat 48410,48449,1026,18244,13388,48920
dat 62230,16223,62250,62230,16223,770,62208
dat 770,770,12289,3842,16133,770,770,12289
dat 28511,770,28511,12289,770,25677,1026
dat 1026,16385,16385,16385,18033,31595
dat 54323,19817,16250,61441,61441,61441
dat 12032,16152,61441,3842,62213,16152
dat 16191,12032,16154,770,10538,59670,42335
dat 57345,57345,59689,59767,59648,39941
dat 6519,37385,10558,4097,20992,12898,13609
dat 37637,40709,10537,24378,58192,770,12841
dat 6441,37376,37464,37385,21083,514,9083
dat 258,8490,3661,59999,3586,59701,59711
dat 40551,59724,38196,2306,39168,39974
dat 51506,32512,15130,48905,45144,51514
dat 36865,39936,37467,3842,58225,4632,6505
dat 6458,36865,40024,37417,9524,20794,8470
dat 514,11889,40448,37432,36865,2306,2306
dat 40551,59690,40524,2306,22868,48184
dat 48406,55103,15621,47128,40013,10557
dat 39998,2306,40001,770,21055,8500,63803
dat 15949,10601,5498,2381,2306,10559,24155
dat 10557,43364,59732,2306,22784,40528
dat 10596,40501,40791,36865,51569,48254
dat 31540,1794,30334,34582,36886,2306,21257
dat 62820,62782,12906,37682,37499,10559
dat 8553,10576,57905,37438,2306,2306,22842
dat 65148,39168,2306,59729,37482,2306,2306
dat 37453,10572,40767,2399,38522,29496
dat 30464,1794,34644,1577,40823,37708,37464
dat 14695,9087,12923,37434,37400,10587
dat 37502,2306,36865,40058,36865,36865
dat 10598,10564,10549,9477,37376,10549
dat 12132,63795,51012,64821,28023,53249
dat 25662,32553,30308,27451,56114,3330
dat 56325,25947,12865,9073,9784,13620,10537
dat 40766,6426,49664,40784,40757,37438
dat 40528,10564,10603,10572,15898,62838
dat 12800,9065,11647,3330,3330,53249,3330
dat 48447,46680,24577,26494,53249,53249
dat 19761,48251,12853,770,770,12868,58199
dat 15483,51540,37463,10554,9578,37502,2306
dat 37381,37499,37387,10576,63806,62258
dat 15910,48461,1026,16385,1026,19800,54328
dat 48510,31572,48440,29705,54846,53249
dat 17275,53116,16254,12289,9022,39977,514
dat 2306,36865,21080,2306,38250,59713,37418
dat 37489,514,37439,12850,16251,52091,19712
dat 1026,16385,17408,16385,19815,53249,2818
dat 48434,18267,46698,54324,53249,16255
dat 62326,770,9025,62800,10552,2306,36865
dat 37489,2306,10547,24113,65142,40781
dat 62838,61237,9083,62249,40243,16385
dat 16385,19268,29705,1026,1026,54334,48508
dat 19249,1026,29754,54069,57112,3842,61441
dat 12289,9012,12073,16133,21289,62729
dat 12906,37453,40830,9528,16235,12289,770
dat 16233,770,62257,29503,53310,1026,19318
dat 54887,19306,16385,1026,55093,48449
dat 17408,54902,65280,3842,16223,3842,16223
dat 62230,61441,12289,770,770,770,13056
dat 62230,62327,770,770,770,12289,770,770
dat 9009,40269,1026,16385,19774,16385,17408
dat 19265,26459,47872,19812,1026,64318
dat 65280,12090,62213,16205,16152,61441
dat 62213,62213,16154,61993,16152,16152,770
dat 9585,59670,58633,3586,3586,59689,40500
dat 59648,59767,37225,63770,10558,12289
dat 62725,62311,37690,37637,63807,10537
dat 24378,58192,770,9018,40762,37376,10622
dat 37385,9525,21050,12850,258,4703,58685
dat 3586,59999,59701,59711,59774,59724
dat 59672,2306,22884,38168,48128,47180
dat 56164,56164,32022,51514,38185,39936
dat 10549,8535,58225,62788,37146,6458,36865
dat 51582,37417,37400,15970,8193,8550,11889
dat 40448,10609,2306,2306,2306,10538,40507
dat 59767,22842,39995,56190,48406,28673
dat 34330,34357,49214,63847,2306,36865
dat 22865,12606,7268,12824,63803,9595,37495
dat 8510,36865,36865,10559,58686,37457
dat 22884,10580,36865,38185,10596,37456
dat 59657,40791,2306,39992,31102,1794,1794
dat 1538,34304,2428,36865,13594,62820,24378
dat 9087,37682,51562,10559,4634,40788,8704
dat 51514,2306,2306,22842,514,2306,36865
dat 10577,10623,2306,2306,12800,37495,21274
dat 56320,54104,1794,1794,34571,14206,48219
dat 45626,40704,63870,37730,9087,12923
dat 10558,37400,10587,63832,36865,36865
dat 40058,2306,2306,10598,37387,10549,21016
dat 37434,9525,62308,48204,54789,53249
dat 53249,3330,29287,1538,1876,31526,64333
dat 48426,15742,37685,16193,9073,58193
dat 50047,37434,40766,6426,49664,63844
dat 10572,51547,40528,40715,37439,37495
dat 40704,65142,13644,64378,3330,16385
dat 16385,54398,53249,19307,26431,31615
dat 15697,56120,56576,13361,16228,50011
dat 62332,13056,8960,58199,65147,37478
dat 37463,39977,9578,10614,2306,63795,10546
dat 63866,40709,24408,28529,23885,1026,1026
dat 1026,1026,54398,54337,46966,2818,56187
dat 3330,3330,32091,12376,64614,16223,25421
dat 9022,51456,8193,36865,2306,37489,22810
dat 59672,40497,10603,40817,49727,65033
dat 12881,16246,3330,1026,16385,16385,1026
dat 54330,56117,48436,56120,19323,16385
dat 19318,32041,47155,16152,9048,770,9025
dat 24446,10552,2306,36865,37489,2306,40510
dat 57345,65142,65130,12085,8193,12850,9835
dat 18274,19774,1026,1026,1026,46206,46955
dat 18176,16385,46186,54399,13321,64873
dat 32589,65280,3842,770,16152,62772,62271
dat 63753,58153,62335,65115,40830,12073,770
dat 12289,62285,16204,770,770,16208,15739
dat 17408,16385,54391,1026,1026,19835,19762
dat 48434,19796,17213,3842,16205,3842,62230
dat 16223,16223,16223,16190,770,13056,13056
dat 770,16223,62327,770,770,770,13056,770
dat 12289,9009,55096,1026,16385,1026,1026
dat 1026,46129,55138,56159,3330,19761,63038
dat 12074,16191,12032,16226,61441,62213
dat 62213,61441,16154,3842,12032,16152
dat 12289,37474,20481,3586,57345,3586,59716
dat 59767,40575,37381,14711,37129,24408
dat 33594,50786,29498,770,63863,37637,37434
dat 24378,12900,770,12841,37178,37376,10622
dat 10522,37434,514,9048,4097,8490,11889
dat 57345,3586,59701,59711,59746,59753
dat 14669,39168,51556,51461,3396,36120
dat 48486,46633,47145,2392,38185,39936
dat 10549,4692,9073,62788,37146,37161,36865
dat 38232,10587,37400,20794,4735,8470,57912
dat 40448,10609,2306,36865,2306,59732,37463
dat 40524,39977,2402,56148,55124,46925
dat 34367,34423,51562,37502,51514,36865
dat 38267,9073,21055,25165,21057,9595,10601
dat 8510,36865,2306,10559,59710,10557,59748
dat 10580,36865,59648,10580,37435,59657
dat 10614,36865,39998,51032,1794,1794,30259
dat 34315,39986,2306,13594,14692,58215
dat 12906,14715,51562,10559,514,10576,514
dat 51514,2306,2306,22842,21118,39168,2306
dat 10546,10623,2306,36865,12858,48186
dat 17152,40216,25662,26426,30261,29489
dat 14133,11049,29242,14719,37464,14695
dat 12906,9010,37434,37400,10587,10614,2306
dat 2306,37498,2306,2306,62778,37387,10549
dat 37453,20992,52992,11135,56069,53249
dat 53249,19775,32063,15157,30299,45132
dat 46657,48507,48426,39761,37685,62257
dat 12856,50001,12800,37434,63795,40809
dat 20992,40784,40757,37438,40528,40715,514
dat 37495,62761,9047,15977,56170,19764
dat 54335,54335,3330,53249,56182,27434
dat 32123,15230,48461,53249,13362,3842
dat 12853,62332,12289,12868,58199,24446
dat 37478,20481,59706,37400,37502,36865
dat 10623,10558,63866,37476,15953,54066
dat 54313,1026,17408,1026,17408,1026,19835
dat 48440,48502,19313,56576,54394,18237
dat 16179,64550,16215,770,15448,40001,8193
dat 36865,2306,10558,38249,40042,59713
dat 37418,40817,12088,65033,12881,40305
dat 1026,16385,16385,1026,16385,1026,56141
dat 28673,32065,2818,1026,1026,16385,18441
dat 15157,32603,63074,12859,15411,37489
dat 36865,2306,10552,36865,40510,24113
dat 65142,12800,8193,8193,16178,23403,9307
dat 13403,19262,1026,1026,1026,16385,16385
dat 17408,56186,19803,17205,1082,25658
dat 46167,27926,29493,28440,64564,62271
dat 63753,13659,62335,65115,40830,514,770
dat 12289,12289,62327,12289,12289,16231
dat 9852,53249,1026,16385,16385,17408,1026
dat 48508,56187,1026,62545,61441,12032
dat 61441,61441,62310,61441,16223,62250,770
dat 62257,12289,62266,62230,62327,770,28511
dat 12289,770,770,770,13056,48946,1026,1026
dat 1026,16385,1026,1026,46889,56191,3330
dat 46161,12090,61441,3842,12032,16191,3842
dat 16152,62213,16152,3842,3842,12032,62213
dat 770,37471,10591,60928,3586,57345,40448
dat 59767,37444,40553,14618,6426,10558
dat 14377,21311,14377,49978,63863,37637
dat 9513,24378,58192,12289,58170,63785
dat 10537,10622,10522,21083,11305,4664,258
dat 8490,11889,57345,44586,40524,39429
dat 59746,40567,40500,36865,38224,51461
dat 45056,27511,56164,32058,46889,2392
dat 22784,10580,37467,8535,4987,9066,37146
dat 37161,2306,51582,10587,37400,15970,4732
dat 4671,11889,40448,37432,2306,2306,36865
dat 40497,40497,10615,39977,38973,56162
dat 56088,46925,34367,34357,51562,10557
dat 39998,2306,40001,770,12913,8500,6459
dat 9595,10601,58174,51533,2306,10559,24155
dat 10557,59748,40506,2306,38185,10580
dat 37435,37429,37719,2306,51569,1880,28673
dat 1794,26731,34315,51580,2306,13594,10501
dat 49511,9087,14715,51562,37381,8553,40788
dat 8193,39998,39168,36865,38242,8193,2306
dat 39168,10546,40810,40004,2306,40781
dat 50985,15657,15735,35622,30464,26377
dat 34404,45882,9769,13644,37708,10622
dat 37730,12906,12923,37434,10548,37417
dat 63832,36865,36865,10534,2306,2306,62778
dat 63812,10549,61235,62804,64580,64895
dat 53249,56576,3330,3330,54134,29531,14180
dat 64836,31526,48445,55045,31064,14592
dat 16193,16184,9041,15412,37434,40766
dat 37225,49664,63844,10572,37438,40528
dat 40715,21055,37495,58121,15990,9796
dat 48461,1026,1026,16385,3330,3330,46142
dat 1794,56114,54835,3330,53249,15697,16228
dat 50011,16234,12289,12868,25165,24446
dat 51540,37463,38185,37400,6488,36865
dat 10618,10558,40715,13631,15953,40305
dat 19712,1026,16385,1026,17408,1026,54331
dat 31547,29814,19313,3330,19723,48465
dat 16179,53076,62315,25421,9022,39977,514
dat 2306,2306,37489,38249,39992,40497,21042
dat 61307,8193,61303,24369,53249,16385
dat 17408,1026,16385,1026,16385,48440,55098
dat 48452,19313,3330,19768,17408,63273
dat 62213,16191,770,9025,9016,37489,2306
dat 36865,10552,36865,63795,57878,12085
dat 40781,12158,12085,61441,13430,13403
dat 13403,19774,1026,17408,1026,1026,16385
dat 1026,48426,46080,54330,17408,1026,19205
dat 46597,14143,30825,50807,770,63849,24373
dat 12906,37453,10614,37453,770,770,12289
dat 770,13056,770,62306,770,48497,17408
dat 16385,1026,1026,1026,46974,56113,1026
dat 29777,3917,64773,62569,53813,63308
dat 63052,32536,12289,13056,13056,12289
dat 62266,62230,62327,12289,12289,12289,770
dat 12289,770,12289,32561,54337,1026,1026
dat 16385,1026,16385,46714,2818,19761,29745
dat 3842,3842,3842,3842,3842,3842,3842,3842
dat 16191,12884,16191,61993,16152,770,9585
dat 20481,60928,57345,11800,40448,59767
dat 10496,59767,37225,37129,40792,12289
dat 3898,826,49978,14616,10522,9513,24378
dat 15972,12289,12868,13668,10537,10622
dat 10522,37434,11317,9083,12657,8490,11889
dat 3586,3586,40524,59711,59746,40567,14669
dat 2306,38224,39960,52036,35703,48464
dat 47872,32062,36926,51514,51497,37467
dat 4692,12594,5444,37146,6491,36865,51582
dat 10587,10548,58215,4735,514,11889,40448
dat 10609,2306,2306,2306,59732,40497,37452
dat 39977,36952,56159,48440,28673,26742
dat 26682,3074,63847,22842,39168,38209
dat 12289,15972,8193,10518,21042,10601
dat 58174,51533,2306,40453,3586,37457,40528
dat 10580,2306,40489,37456,37435,40474
dat 37719,36865,51569,1880,1794,28673,34346
dat 34354,51580,2306,21353,37439,62782
dat 12906,14715,37499,37381,8193,40788,8193
dat 51514,2306,36865,22887,8704,39168,2306
dat 10546,10623,2306,36865,9028,13644,64297
dat 64821,35622,1794,1794,29567,35625,21274
dat 13644,37708,37464,14695,12906,12923
dat 37434,37400,10587,37502,2306,2306,37498
dat 39168,36865,21033,40715,40713,61235
dat 65108,62761,45824,54021,53249,3330,3330
dat 54134,51044,30234,31803,46657,48445
dat 54789,52542,37685,16193,62321,12923
dat 50047,24329,40766,6426,514,40784,37495
dat 40766,59748,65143,21055,37495,58121
dat 15990,50018,64845,53249,17408,19830
dat 3330,3330,55128,1794,48507,54835,53249
dat 3330,18043,62230,50011,62308,12289,8960
dat 12900,62838,51540,51494,10554,10602
dat 10614,39168,37387,40827,40715,24325
dat 9078,48234,54313,1026,16385,1026,54335
dat 19763,16385,27469,32113,19313,3330
dat 19803,19261,62249,53076,62303,25421
dat 9022,51456,514,36865,2306,10558,2306
dat 51480,59713,21042,65074,62003,9013
dat 62058,60749,17408,16385,1026,16385,1026
dat 1026,19319,32005,46654,46136,3330,1026
dat 1026,12410,3840,3898,770,61441,9016
dat 37489,39168,2306,37489,36865,63795,3586
dat 65142,15978,62070,514,62330,13430,18217
dat 46138,1026,1026,54330,54398,46133,55049
dat 46104,53249,1026,1026,1026,16385,31569
dat 30213,32600,16247,65076,770,13659,49961
dat 9073,65115,10614,21105,770,12289,770
dat 770,13056,770,62306,13056,46193,1026
dat 1026,1026,16385,16385,19825,48449,1026
dat 17240,62469,16949,52538,49015,36671
dat 62230,16223,62250,62250,62257,770,12289
dat 62230,62327,770,13056,770,770,12289,770
dat 770,62250,54394,17408,16385,17408,1026
dat 1026,19323,45057,1026,19307,3842,61441
dat 3842,3842,62014,12032,16152,16191,16191
dat 16152,62230,8965,16152,12289,37474
dat 23138,57345,60928,3586,40448,59767
dat 37444,59767,6519,40713,37434,13056
dat 53050,9051,8960,40756,37637,37434,7252
dat 58192,770,58170,62761,6484,10622,10522
dat 21083,21050,4670,12657,4703,65101,57345
dat 57345,40524,59711,59746,59724,10520
dat 36865,51556,51461,50729,35703,35610
dat 36122,31832,36926,22784,37376,10549
dat 4692,12594,9066,37146,37161,39168,40024
dat 37417,37400,15970,4735,4671,11889,40448
dat 10609,36865,2306,2306,40497,10538,37452
dat 51514,39936,48426,55064,46655,34565
dat 24699,51562,37502,22842,2306,22865
dat 13056,21055,12824,37476,21042,37402
dat 58174,51533,36865,40453,57345,10557
dat 40528,40506,2306,59648,40506,37435
dat 40474,37719,39168,51569,31038,28673
dat 30296,34637,24698,51580,36865,13594
dat 10501,37171,12906,37713,10546,10559,514
dat 37460,4632,51514,2306,2306,38242,514
dat 36865,2306,10546,37482,2306,38212,9028
dat 63849,15465,50985,30796,1794,1794,26689
dat 15145,15369,37751,14719,10622,37730
dat 12906,9010,24411,37400,37417,37457,2306
dat 2306,37498,36865,36865,10598,10564
dat 10549,8193,21050,53001,12862,52533
dat 54121,27981,53249,29777,32538,30306
dat 1844,46935,46648,3391,56408,37700,9009
dat 770,28284,50047,62773,40766,37225,9513
dat 63844,10572,40766,59748,40715,21055
dat 10572,9078,12811,12876,64379,3330,1026
dat 1026,53249,3330,18237,1794,31611,15697
dat 53249,53249,56129,61441,9051,16234,770
dat 8960,58199,62838,51540,26957,10554
dat 10602,10614,2306,10618,10558,63866
dat 37476,12849,15425,27928,54349,1026
dat 16385,19800,3330,3330,46939,56114,56187
dat 3330,19723,3330,16219,64614,16234,12289
dat 15448,51456,8193,36865,2306,21080,2306
dat 51480,59713,21042,61307,8193,9013,44877
dat 10049,17408,1026,1026,1026,1026,19830
dat 3330,48433,27981,56187,19761,19263
dat 17946,63038,16170,62213,770,9025,62800
dat 37489,2306,2306,10552,36865,10547,37425
dat 65142,12850,62070,12085,16178,23403
dat 19262,1026,17408,1026,16385,46089,55093
dat 18238,48461,19323,1026,46143,29749
dat 32635,16191,3842,770,3842,24447,12289
dat 37685,49961,62335,514,9590,37453,62271
dat 770,770,770,770,770,45887,17178,54360
dat 16385,54398,19258,55040,1026,46091
dat 46186,1026,15742,64261,61441,3842,3842
dat 16191,16223,16223,13056,16208,12289
dat 12289,13056,3842,16204,13056,770,770
dat 770,12289,12289,12289,62266,53249,16385
dat 16385,1026,16385,1026,19323,2818,53249
dat 1026,63294,3842,61441,16205,61441,3842
dat 16152,62213,62213,16154,3842,62213
dat 16152,770,21048,20481,57345,57345,60928
dat 59716,59767,10496,59767,37225,40713
dat 40792,9018,15972,9048,49920,63863,40709
dat 37434,49499,15972,770,15913,13668,6484
dat 10622,10522,9570,49755,9083,258,8490
dat 65101,3586,3586,59701,39429,40551,59724
dat 59672,2306,51556,51461,35110,28763
dat 35625,38754,50000,51514,2306,10580
dat 37467,4706,4097,12824,37146,6491,2306
dat 40024,10587,37400,20794,8470,8453,57912
dat 59689,37432,36865,36865,2306,40497
dat 40497,10615,38185,40822,35608,46645
dat 36105,47130,51025,40013,62771,2306,2306
dat 22865,12289,15972,12824,10518,15985
dat 10601,58174,51533,2306,37381,24122
dat 10557,40528,40506,2306,59648,37456
dat 63844,59657,10614,36865,51569,28673
dat 28673,26494,26692,24703,51580,36865
dat 13594,13668,37171,12906,37713,51562
dat 10559,8553,37460,514,51514,2306,2306
dat 22842,8193,36865,2306,10546,10619,36865
dat 22842,12800,40823,12809,51536,891,30464
dat 1794,34353,14121,21274,37751,37708
dat 10622,37730,9087,9010,37434,37400,10587
dat 37502,2306,2306,59686,2306,2306,40788
dat 10564,10549,8704,65124,24329,15422
dat 40017,27648,15657,15735,55158,28734
dat 1794,28737,27495,27519,53253,40218
dat 38453,9009,62321,9010,50047,9513,63795
dat 40809,514,40784,10572,37438,40528,63812
dat 21055,10572,62761,62838,12891,13636
dat 54122,19770,19770,53249,53249,54025
dat 24577,31749,54907,56170,3330,53249
dat 57211,9051,16234,12289,12868,21335
dat 62838,51540,51494,38185,37400,37502
dat 2306,37387,40827,24370,24325,24408
dat 62219,61441,53249,1026,1026,54334,53249
dat 53249,46971,45057,56187,27962,56126
dat 19815,17981,12116,62335,12289,9022
dat 40001,49741,2306,36865,10558,38249
dat 51480,40497,9595,65074,65085,24439
dat 12850,9010,52033,3330,1026,1026,16385
dat 54370,54298,46206,56145,56155,31529
dat 54834,16385,18038,62306,12145,12289
dat 9025,24446,62770,2306,36865,21119,36865
dat 10547,3586,65142,12850,514,49741,16178
dat 62264,48178,54349,1026,1026,1026,1026
dat 16385,16385,56159,46130,1026,54325
dat 29754,13364,3842,16170,12289,16152
dat 24447,62232,37685,62729,12906,61225
dat 10614,8193,12289,770,62285,13056,770
dat 770,28442,25658,18244,55103,54846,16385
dat 17408,54335,46080,46186,54330,64894
dat 3842,3842,8013,62230,62213,3842,3842
dat 62259,16223,12289,770,12289,62230,62327
dat 12289,770,770,770,12289,12289,770,16193
dat 48447,32026,29815,16385,16385,1026
dat 18299,31530,56126,16385,31832,3842,3842
dat 3842,3842,61441,3842,16191,3842,62213
dat 3842,16152,16152,770,21048,10591,3586
dat 3586,3586,40448,40524,37444,10559,6519
dat 37129,40792,9062,24378,13630,15428
dat 14616,10522,37434,24378,514,12289,15913
dat 10537,37376,51582,37385,9525,21050
dat 12850,258,8490,57345,57345,59972,40448
dat 39429,40551,40567,59672,2306,38224,1282
dat 40001,64592,63529,6426,9513,51514,22784
dat 10580,37467,9063,15928,20736,6505,63835
dat 2306,51582,10587,37400,20794,8448,514
dat 3661,40448,10609,2306,2306,36865,40497
dat 40507,10615,2306,51556,30826,31546
dat 32102,31568,3390,40063,63847,2306,36865
dat 40001,4986,13668,12824,10518,9595,10505
dat 514,51533,2306,10559,57345,10557,59748
dat 10580,2306,59648,1282,10596,59657,10614
dat 2306,2306,26456,28673,24577,34304,63282
dat 51580,2306,13594,37439,49511,9044,22072
dat 10546,37381,8553,10576,514,51514,36865
dat 2306,38242,57982,2306,2306,37499,10619
dat 2306,39168,8489,37495,9013,51536,14654
dat 1794,1538,25432,14121,15369,37751,37708
dat 37464,14683,12906,12923,10558,10548
dat 37417,6488,36865,2306,59686,2306,36865
dat 62778,10564,10549,61307,62820,24425
dat 16152,63795,40831,13594,52009,45132
dat 30270,1794,24577,27494,15223,52506
dat 56411,48186,9009,770,12923,50047,37434
dat 63795,40809,49664,40784,37495,37438
dat 59748,58117,63851,10572,24411,62838
dat 12800,15386,27659,52599,48503,3330
dat 54337,15145,13901,30299,15145,3330
dat 56576,53249,53249,62219,62332,12289
dat 12868,12900,12913,51540,37463,10554
dat 37400,37502,2306,63866,10546,37387
dat 14655,37720,62258,3928,52091,1026,1026
dat 53249,3330,53249,46936,31530,2818,53249
dat 3330,19770,1026,52049,62331,13056,15448
dat 40001,8193,2306,36865,21114,38249,51480
dat 59713,9595,24443,62003,37453,40781,9010
dat 61441,48178,1026,1026,1026,3330,54335
dat 19318,2818,56177,46971,28673,27992,1026
dat 25726,62270,770,9083,9016,37489,2306
dat 36865,37489,2306,10547,37425,61210,9087
dat 62838,62043,16178,16179,62043,64379
dat 46138,17408,1026,16385,54283,1026,48446
dat 48449,1026,18181,32024,3330,20292,62314
dat 770,62260,62772,62271,21289,24373,12906
dat 61282,63862,11882,12289,62285,770,62234
dat 770,770,62306,25450,26473,46673,1026
dat 16385,16385,54325,46206,56113,19815
dat 54363,52491,32589,3842,61441,62213
dat 61441,16223,62259,16223,12289,12289
dat 16196,16191,16204,770,13056,770,12289
dat 12289,770,12289,13056,36218,1026,1026
dat 1026,16385,1026,29777,46890,56090,19796
dat 18237,61441,61441,12043,3842,3842,3842
dat 12090,16152,62213,3842,16152,8965,770
dat 9585,1282,58719,57345,57861,59716,40524
dat 40516,37381,37225,6426,10558,12895
dat 21050,9036,15428,63863,40709,37434
dat 24378,8193,770,21306,40762,63828,37494
dat 10522,9525,9513,12850,258,4646,57345
dat 57345,3586,40448,39429,59746,40567
dat 38196,36865,51556,39960,10559,8193
dat 40762,40713,24400,39998,2306,39936
dat 10549,8535,12850,12824,37146,6491,2306
dat 38232,10587,10548,15970,8507,8704,3661
dat 59689,37432,2306,39168,2306,59732,10538
dat 40524,36865,2306,38778,35703,35647
dat 47209,47448,51562,37502,38206,2306
dat 22865,4986,9016,8500,37500,21042,10505
dat 58174,51533,2306,10559,3586,37457,59748
dat 40507,36865,59648,10580,63844,59657
dat 40791,36865,2306,38451,30217,26704
dat 34598,46972,2428,2306,21353,13668,37683
dat 9087,37713,37499,37381,8553,10576,4632
dat 51514,2306,36865,38242,514,2306,39168
dat 10546,37426,39168,36865,37453,37495
dat 40767,51583,51288,1794,30785,34402
dat 14178,15369,40823,14719,63870,14683
dat 9087,12923,10558,37400,10587,63832,2306
dat 2306,40570,2306,36865,40788,10564,37467
dat 65035,63828,37376,12863,63795,40827
dat 40792,62838,31744,34673,1794,1538,31595
dat 57179,64809,46394,63820,62257,62321
dat 28284,13620,9513,63795,6426,20992,14692
dat 37495,37438,40528,40715,514,10572,63785
dat 63862,24439,62773,24383,64297,3447,3405
dat 19761,32634,30327,26444,63297,3330
dat 56576,3330,48461,13374,62331,770,12868
dat 12900,62838,37478,20481,39977,9578
dat 37502,2306,37387,37499,63866,14655
dat 40792,12923,15423,61502,19723,19717
dat 3330,19775,54314,31526,46925,31612,3330
dat 53249,53249,19764,56182,16254,12289
dat 62838,40001,8193,36865,39168,21114
dat 22810,51480,59713,40746,37489,11382
dat 63820,15953,12923,62052,62273,46138
dat 18238,16385,3330,54335,48510,31530,2818
dat 3330,3330,3330,54330,1026,64318,16190
dat 12850,21329,24443,38185,2306,10552
dat 36865,10547,37425,61210,12850,514,65115
dat 62331,16179,12858,50753,1794,26475
dat 28017,19830,54272,19734,47872,56113
dat 1026,19803,1026,32052,17983,27913,62315
dat 16152,24447,62321,37685,49961,12906
dat 37453,9590,9528,12289,770,770,62285
dat 62285,770,770,25407,31551,29815,46157
dat 16385,16385,1026,19288,47872,54395,1026
dat 1026,29754,55049,14132,61441,62230
dat 16223,16223,770,62257,770,770,16191
dat 62327,770,12289,9770,770,770,12289,770
dat 12289,12289,2943,17408,1026,1026,16385
dat 46091,31593,27401,46168,1026,15697
dat 61441,61978,3842,3842,3842,62213,3842
dat 16223,16152,3842,61441,770,37414,40490
dat 24106,3586,11800,59716,59767,51515
dat 10559,37225,6426,10558,9062,9477,12919
dat 15428,14616,14655,10537,24378,15972,770
dat 21306,21328,37376,40457,37385,9525
dat 21050,12850,258,8490,57345,60928,57345
dat 40448,39429,59746,40567,38196,36865
dat 22884,51461,37381,514,40704,40713,37434
dat 39998,36865,10580,10549,4619,9083,24320
dat 37146,37161,36865,51582,37417,37400
dat 15970,4735,8550,60438,59689,10609,2306
dat 36865,39168,40550,10538,40524,2306,2306
dat 51467,63285,38775,39706,47451,39960
dat 10599,2306,2306,51505,9073,9016,8500
dat 37500,9595,10505,15985,51533,36865
dat 40453,11839,10557,59748,59732,36865
dat 38185,10596,10596,22795,10557,2306,2306
dat 39035,30782,54847,26373,35672,31099
dat 36865,21353,14692,9040,9087,37682,51562
dat 10559,8553,37460,4632,51514,2306,2306
dat 22842,11899,2306,2306,37499,37426,39168
dat 36865,65024,10601,13673,40041,36977
dat 34683,26417,26704,30800,63288,37751
dat 37708,37385,14683,37709,12923,37434
dat 10548,37417,6488,2306,2306,59686,36865
dat 36865,40788,40715,37467,9534,63828
dat 10549,12119,2355,63794,63870,53118
dat 40755,62285,28673,26430,46690,14121
dat 12905,2369,37685,16193,62321,12923
dat 13620,37434,63795,40809,514,14692,37495
dat 37438,59748,40715,21018,37429,63785
dat 63862,40823,15386,9040,9769,45915,3447
dat 55045,35634,51002,1794,25368,48507,3330
dat 27967,54121,15157,62296,770,8960,12900
dat 14699,51540,26957,10554,37400,10614
dat 2306,14705,37499,63866,40709,40792
dat 12927,52997,12863,54122,19788,53249
dat 19734,46143,31499,26431,45930,53249
dat 3330,56576,53249,54325,63294,770,12891
dat 51456,514,2306,2306,24115,22810,51480
dat 59713,10603,24443,62065,40823,62826
dat 28529,12119,64553,32113,1026,46156
dat 46967,46929,32126,31610,46870,3330,3330
dat 16385,1026,54398,11601,62250,9025,12851
dat 63800,39977,2306,10552,2306,10547,60928
dat 62838,61208,514,61237,9083,16179,514
dat 27648,56170,19253,32126,54886,25677
dat 54359,45057,45057,19723,19807,16385
dat 16385,1026,54398,62526,16247,53119,770
dat 63849,21301,9073,62010,10614,514,770
dat 13056,62285,16246,12289,770,770,10091
dat 53249,48408,1026,16385,1026,3330,19313
dat 2818,48472,54298,1026,1026,16385,19777
dat 32106,63285,62246,62250,16223,770,12289
dat 770,16223,62327,770,12289,770,12289,770
dat 12289,13056,770,770,16193,17970,1026
dat 1026,1026,19265,27450,46645,32091,54330
dat 16385,25611,53813,45865,63290,16152
dat 61441,3842,62230,62230,62213,12090,770
dat 21048,1282,3586,57345,3586,59716,59767
dat 40516,10559,37225,6426,37467,12895
dat 65108,9036,8960,37637,14655,10537,7252
dat 58192,12289,15913,21328,10537,37385
dat 10522,9525,514,9083,4097,258,11889,3586
dat 44602,59701,59711,59774,1282,6477,2306
dat 38224,38168,37381,61189,40704,10549
dat 37434,39998,2306,10580,37385,4646,15928
dat 24320,5385,37161,36865,40024,37417
dat 37400,8539,8498,4671,3661,40448,10609
dat 36865,36865,2306,40550,40507,59767,2306
dat 2306,40016,3593,31835,47369,48219,30010
dat 36990,2306,2306,40001,12856,21055,4632
dat 10518,21042,37402,5498,51533,2306,10559
dat 24155,37457,59748,40506,2306,38212
dat 10596,37456,22795,10557,2306,39168
dat 38267,28466,55103,27909,15109,31576
dat 2306,21353,37439,13666,9087,14715,10546
dat 10559,8553,10576,8193,37438,39168,36865
dat 38242,8704,36865,2306,10577,10623,36865
dat 2306,37453,10601,58165,51480,10558,891
dat 26481,30331,34660,25412,24439,37708
dat 37385,14695,9087,9010,37434,37400,10587
dat 6488,36865,36865,20481,2306,36865,37460
dat 40715,40713,37427,37376,40713,12154
dat 36920,10546,40713,24446,63794,855,14203
dat 28673,46690,63074,16228,40830,63820
dat 9009,770,9010,50047,15935,40766,6426
dat 11305,14692,10572,59739,59748,10564
dat 10603,10572,40704,63862,40823,13594
dat 9040,12888,63273,2869,54092,18264,34678
dat 46925,29543,2881,56069,54021,57097
dat 15657,16208,12289,8960,58199,62838
dat 51540,51494,39977,9578,10614,2306,37387
dat 10546,63866,40709,63794,12923,64575
dat 12863,12406,48461,3330,19723,19835
dat 15679,15167,14104,54072,53249,3330
dat 53249,54334,64849,770,62043,10496,8704
dat 2306,36865,10558,22810,40042,40497
dat 10603,37489,11382,40823,15953,12923,589
dat 8193,45873,1026,1026,18244,29701,55135
dat 31553,31530,56114,3330,54356,1026,16385
dat 19307,65280,9083,50001,65074,51514,2306
dat 10552,2306,37438,3586,62838,9087,514
dat 65115,12850,61310,62043,15418,15743
dat 3330,1026,46951,29749,32077,45057,2818
dat 48445,3330,1026,1026,1026,1026,20312
dat 16191,62004,16184,24373,15451,12906
dat 37453,10614,8193,770,62285,770,13056
dat 62285,12289,770,16235,57150,19712,54325
dat 1026,1026,53249,56187,2818,45057,19256
dat 16385,16385,1026,1026,46161,3891,16223
dat 62250,62250,770,13056,770,3842,12289
dat 770,770,770,770,770,770,13056,12289,770
dat 770,63041,19768,1026,1026,3330,31488
dat 27392,54837,19810,1026,1026,46138,55082
dat 31538,32600,16191,65280,16152,16152
dat 3842,62213,770,21048,59670,58719,57345
dat 60928,59689,59767,59648,10559,37225
dat 6426,37464,12853,9477,9036,12841,37637
dat 14655,10537,62761,514,770,12841,37178
dat 37376,40457,37385,10537,9513,12850,4352
dat 8490,11889,3586,3586,59767,43327,59774
dat 59724,6477,2306,39168,10596,10559,21092
dat 63785,10549,37434,22842,2306,10580
dat 37385,4646,15928,12824,37146,37161,2306
dat 38232,10587,37400,15970,4676,514,11889
dat 59689,37432,2306,36865,2306,40550,10538
dat 40524,39168,2306,51505,3595,30987,2935
dat 27511,45161,31064,2306,2306,51505,9073
dat 37439,25165,10518,21042,10505,5498
dat 36865,2306,10559,24155,10557,59748
dat 40507,2306,2306,10596,37456,22795,59766
dat 2306,2306,36865,60540,14131,1794,34644
dat 30822,55420,13594,14692,24378,9087
dat 37682,37499,37381,8704,10576,4632,51514
dat 2306,2306,22842,8193,2306,36865,10577
dat 37482,2306,36865,9524,10601,40767,38149
dat 1282,24407,33595,1794,30266,26711,25368
dat 37708,10622,13626,9087,9010,63806,10548
dat 10587,10614,2306,36865,20481,2306,2306
dat 9563,40715,40713,40755,37376,10549
dat 62782,36920,10546,40713,24446,37489
dat 9058,12344,26481,1794,34346,28683,23337
dat 37685,8960,16190,9010,50047,9513,63795
dat 37225,11305,14692,37495,59739,40528
dat 40715,10614,10572,40704,62838,63820
dat 13594,24383,64521,40704,64809,64887
dat 55045,18299,14198,29491,32631,48234
dat 48461,56576,32063,54121,25457,8960
dat 25165,58193,37478,37463,39977,37400
dat 37502,39168,37426,10546,40754,14655
dat 40792,9784,52997,24408,64630,38465,3330
dat 53249,1026,16385,32081,1794,28673,56120
dat 53249,53249,3330,19734,49019,12891
dat 51558,514,2306,36865,21114,22810,40042
dat 40497,37457,40828,10614,40730,65074
dat 25201,49783,8193,62843,27729,19738
dat 19262,1026,1026,19318,27434,46870,55096
dat 56576,54399,54349,16385,17981,16177
dat 12923,63800,51514,38185,10552,36865
dat 51544,21041,62838,12881,61282,9524
dat 12850,12851,53045,63766,64592,14203
dat 28673,27515,1026,1026,54360,47872,31530
dat 56190,3330,1026,16385,16385,19803,64318
dat 53069,12289,24439,62729,62335,65115
dat 24446,37453,770,62285,12289,13056,770
dat 770,62285,62261,12130,49022,46953,48445
dat 16385,1026,54313,46136,2818,48449,54360
dat 1026,1026,18217,29696,48973,3842,62250
dat 16223,770,770,12289,61738,62335,770,770
dat 770,770,12289,770,770,770,12289,12289
dat 16196,15739,1026,1026,1026,46136,28009
dat 27401,56190,16385,19318,31586,45901
dat 3842,12145,61441,16152,62230,16152
dat 62020,62213,770
