; DCPU-16 Tetris
; by andy@a1k0n.net
; Compiled from C++ using clang and llvm-dcpu16
; http://github.com/llvm-dcpu16

; Press a key to begin playing (this gives some entropy to the random number
; generator).

; Controls:
; Q   E - rotate left/right
;   W   - immediate drop (you can still slide afterwards)
; A   D - move left/right
;   S   - fall one space

; Arrow keys and space also work, but javascript emulators currently have
; issues with arrow key and space key handling.

; TODO list:
;  - less crappy title screen
;  - proper score for double/triple/tetris/combos/etc
;  - proper game over detection
;  - "level" and speeding up
;  - faster screen redraws
;  - proper wall kicks
;  - ghost piece
;  - hold function
;  - smoother/better key repeat (uses host key repeat rate now)

dat 7680,35043,7712,31794,29513,31762,62997
dat 8129,96,31794,12495,31762,29702,8129,98
dat 31794,4816,31762,46082,8129,97,34035
dat 35713,32641,99,6913,7937,225,2241,66
dat 41162,32964,42178,7042,1534,1534,1534
dat 1534,1534,1534,1534,1534,2291,44931
dat 24801,24769,25473,33879,25473,6913,7937
dat 225,1217,2081,34883,34819,2274,2242
dat 41002,32804,42018,1922,14847,14847
dat 14847,14847,14847,14847,14847,14847,243
dat 44931,24801,24769,25473,33,35841,31296
dat 98,2049,25473,34817,31296,98,2049,25473
dat 33,33793,31296,97,25473,34817,31296,97
dat 2049,25473,0,0,0,7937,6913,5889,4865
dat 3841,32611,938,27649,31746,554,833,5
dat 833,296,45889,310,34625,318,32577,25905
dat 317,31553,96,23,27777,31874,40,4129
dat 37889,27200,23,31553,96,22,27809,58530
dat 5153,38913,27200,22,31553,96,21,31809
dat 2224,2081,34817,27200,21,31553,96,20
dat 31809,2480,2081,35841,27200,20,31553,96
dat 19,31809,2496,2081,33793,27200,19,31937
dat 16807,26625,317,31748,16807,29761,6177
dat 26660,318,2082,65,34882,1121,31866
dat 32768,225,33847,2273,1025,33847,3073
dat 833,318,8001,317,31776,81,33810,32641
dat 168,31553,96,18,5153,35841,27200,18
dat 31553,96,17,4129,34817,27200,17,31553
dat 96,16,26689,5,2081,33793,27200,16,34817
dat 31776,86,27777,31874,296,4321,57570
dat 8001,15,7169,33825,31809,230,59424
dat 26625,310,26626,296,32257,36892,352
dat 32257,36892,353,32257,36892,354,32257
dat 36892,355,32257,36892,356,32257,36892
dat 357,32257,36892,358,32257,36892,359
dat 32257,36892,360,32257,36892,361,32257
dat 39168,65535,32257,39168,10,32257,39168
dat 31,32257,39168,42,32257,39168,63,32257
dat 39168,74,32257,39168,95,32257,39168,106
dat 32257,39168,127,32257,39168,138,32257
dat 39168,159,32257,39168,170,32257,39168
dat 191,32257,39168,202,32257,39168,223
dat 32257,39168,234,32257,39168,255,32257
dat 39168,266,32257,39168,287,32257,39168
dat 298,32257,39168,319,32257,39168,330
dat 32257,39168,351,32257,39168,362,32257
dat 61518,44,32257,61541,45,32257,61560,46
dat 32257,61556,47,32257,61516,25,32257
dat 61545,26,32257,61550,27,32257,61541,28
dat 32257,61555,29,32577,40,311,34625,312
dat 34625,316,34625,315,34625,314,34625,313
dat 26657,317,31780,16807,29697,31809,16807
dat 26692,318,66,1121,34914,2209,31930
dat 32768,1025,33879,3073,2081,33879,5153
dat 31748,16807,29761,31780,16807,2082,97
dat 34914,1185,31930,32768,65,33847,3137
dat 1025,33847,5121,34625,300,35649,299,833
dat 318,2881,317,34890,4097,36875,66,11073
dat 301,36161,26657,317,31780,16807,29761
dat 31841,16807,26724,318,2146,1185,34978
dat 3265,31962,32768,1089,33911,5185,3105
dat 33911,6177,1857,318,2881,317,36936,66
dat 11073,302,37185,26657,317,31780,16807
dat 29761,31841,16807,26724,318,2146,1185
dat 34978,3265,31962,32768,1089,33911,5185
dat 3105,33911,6177,1857,318,2881,317,36938
dat 66,11073,303,38209,26657,317,31780
dat 16807,29761,31841,16807,26724,318,2146
dat 1185,34978,3265,31962,32768,1089,33911
dat 5185,3105,33911,6177,1857,318,2881,317
dat 38984,66,11073,304,39233,26657,317
dat 31780,16807,29761,31841,16807,26724,318
dat 2146,1185,34978,3265,31962,32768,1089
dat 33911,5185,3105,33911,6177,33889,1857
dat 318,2881,317,40008,66,11073,305,40257
dat 34625,298,4097,31776,1929,26625,310
dat 26626,296,26657,315,1089,44105,31810
dat 61488,2561,61,1089,44103,44105,31810
dat 61488,2561,60,1089,31815,100,44105
dat 31810,61488,2561,59,1089,31815,1000
dat 44105,31810,61488,2561,58,31783,10000
dat 44073,31778,61488,1537,57,7169,3905,13
dat 43041,3137,34890,37999,31850,65504
dat 26722,310,129,32641,618,34946,32802
dat 3265,26818,296,6369,1251,12449,23777,9
dat 33875,32641,634,42159,31978,61440,32641
dat 637,46255,31978,3840,5355,1219,62699
dat 7873,9,33843,32641,616,44034,26721,13
dat 34914,57459,32641,603,31776,91,833,14
dat 32641,664,27649,31746,296,34849,31776
dat 991,26625,317,31748,16807,29761,31777
dat 16807,26660,318,2082,65,34882,1153
dat 31898,32768,97,33847,2145,1025,33847
dat 4097,833,318,3905,317,31776,91,161
dat 26657,14,1027,26626,312,833,312,26657
dat 311,1042,32641,715,1047,32641,715,1027
dat 833,312,27649,31746,296,31776,1366,5953
dat 14,31776,81,65,31810,65504,97,31842
dat 65439,33,60534,2081,31796,64,32641,738
dat 31795,32,32641,664,32641,813,31796,127
dat 32641,766,31796,80,32641,786,31794,65
dat 32641,778,31794,68,32641,658,31795,69
dat 32641,664,27649,31746,296,34849,31776
dat 1177,32641,664,31794,128,32641,813
dat 31794,131,32641,658,31795,130,32641,664
dat 27649,31746,296,32801,31776,991,32641
dat 664,31795,81,32641,798,27649,31746,296
dat 32801,31776,1177,32641,664,31795,83
dat 32641,809,27649,31746,296,31776,1366
dat 32641,664,31795,87,32641,664,27649
dat 31746,296,833,11,33825,31776,1810,26721
dat 307,26625,308,833,12,38945,26660,297
dat 31778,2880,26658,309,17441,1,1857,9
dat 32641,842,26625,6,833,8,34818,833,6,65
dat 44100,3138,33953,833,308,26657,9,32641
dat 860,7234,34978,40002,37045,32641,840
dat 26817,11,2242,5249,26625,6,130,34017
dat 32641,875,34863,35042,37109,32641,857
dat 32821,32641,873,3073,7170,43028,32641
dat 899,33943,32641,873,56469,32641,899
dat 6145,7170,16385,23,33810,32641,873
dat 26625,8,833,308,26657,306,27649,31746
dat 296,31776,1810,33825,26721,12,3073
dat 33911,1025,37921,26658,308,57409,1153
dat 57397,2177,4929,10,4114,32641,664,4116
dat 32641,664,33825,1089,33909,3137,44100
dat 26657,15,1090,2881,7,44129,129,34954
dat 161,38063,31914,65504,26786,310,2241
dat 5345,26850,296,7201,3107,14401,17441,10
dat 33939,32641,967,42063,31786,61440,32641
dat 970,46159,31786,3840,2091,3299,62507
dat 1761,10,35010,32866,33907,32641,951
dat 26689,7,44098,34818,26657,10,1042,32641
dat 664,32641,939,7937,6913,5889,4865,3841
dat 40803,1153,97,3905,3,33953,33825,31776
dat 1810,19457,11,833,2,130,4705,11,38913
dat 19460,1,31746,2880,19458,13,19521,12
dat 2849,44100,4162,16577,1,32641,1032,66
dat 1185,34978,40002,37045,32641,1088,26849
dat 3,2274,5121,33,25601,162,33793,32641
dat 1047,35023,34818,36885,32641,1028,32981
dat 32641,1045,4193,98,43124,32641,1071
dat 33975,32641,1045,56501,32641,1071,7265
dat 98,19553,23,33906,32641,1045,26625,3
dat 26657,2,1537,11,16417,10,31776,1810
dat 40802,24673,24705,24737,24769,24801
dat 25473,26721,3,19489,10,3073,31776,1810
dat 19457,12,3105,97,37986,57409,3201,57461
dat 2177,33857,97,33815,2145,4929,5,4210
dat 32641,1081,4212,32641,1081,2177,33813
dat 129,44164,1154,57474,4929,1,3905,4,3073
dat 37903,31754,65504,17410,14,44193,3265
dat 35018,4321,129,9346,4193,5219,15425
dat 19553,10,34003,32641,1151,42063,31850
dat 61440,32641,1154,46159,31850,3840,2155
dat 5251,62571,3713,10,35042,32930,33971
dat 32641,1136,26753,1,44162,26721,4,34914
dat 26625,5,115,32641,1122,32641,1081,7937
dat 6913,5889,4865,3841,40803,1153,97,3905
dat 4,33953,33825,31776,1810,19457,13,833,3
dat 130,37002,4705,13,38913,19460,1,31746
dat 2880,4098,19489,11,19585,12,4897,44164
dat 1154,16577,1,32641,1220,130,2209,34978
dat 40066,37045,32641,1277,26849,4,4322
dat 5121,65,25601,162,33793,32641,1235
dat 35023,34818,36885,32641,1216,32981
dat 32641,1233,1121,98,43124,32641,1259
dat 33975,32641,1233,56501,32641,1259,7265
dat 98,19553,23,33906,32641,1233,26657,3
dat 36906,26625,4,1537,13,16417,10,31776
dat 1810,40802,24673,24705,24737,24769
dat 24801,25473,26721,4,19489,10,3073,31776
dat 1810,19457,12,3105,97,37986,57409,3201
dat 57461,2177,33857,97,33815,2145,4929,5
dat 4210,32641,1270,4212,32641,1270,2177
dat 33813,129,44164,1154,57474,4929,1,3905
dat 2,3073,37903,31754,65504,17410,14,44193
dat 3265,35018,4321,129,9346,4193,5219
dat 15425,19553,10,34003,32641,1340,42063
dat 31850,61440,32641,1343,46159,31850,3840
dat 2155,5251,62571,3713,10,35042,32930
dat 33971,32641,1325,26753,1,44162,26721,2
dat 34914,26625,5,115,32641,1311,32641,1270
dat 7937,6913,5889,4865,3841,50019,97,3905
dat 5,33921,33825,31776,1810,19457,12,833,4
dat 33,34850,1857,1,1633,12,38913,19460,1
dat 31746,2880,19458,13,1089,44100,19617,11
dat 5186,16577,1,32641,1411,66,1153,34946
dat 40002,26721,5,37013,32641,1721,3297
dat 2274,4097,33,26625,1,130,33793,32641
dat 1426,35023,34818,36885,32641,1405,32981
dat 32641,1424,5217,98,43124,32641,1450
dat 33943,32641,1424,56469,32641,1450,7265
dat 98,19553,23,33906,32641,1424,26721,5
dat 26625,4,609,12,19489,10,3073,31776,1810
dat 19457,12,33,37922,57409,1153,57397,2177
dat 32770,33825,193,33815,1217,33825,1857
dat 14,4929,10,4306,32641,1547,4308,32641
dat 1547,33857,2081,33813,33,44068,3106
dat 57378,1857,2,6977,7,6145,37903,31754
dat 65504,19458,14,44193,6369,35050,1217
dat 129,11394,3105,4161,5187,14433,18497,10
dat 34035,32641,1522,42095,31818,61440
dat 32641,1525,46191,31818,3840,3147,5251
dat 62539,2689,10,35010,32930,1121,33971
dat 32641,1506,26657,2,44066,26817,7,35010
dat 26625,10,211,32641,1492,56513,3073
dat 31746,33,833,13,3233,57506,5953,12,3201
dat 33793,6209,44100,5153,2082,43029,32641
dat 1577,1121,98,34818,11361,33907,32641
dat 1563,6145,4193,32641,1660,6977,11,33985
dat 4193,34817,610,19,6145,19482,20,609,20
dat 26625,13,5153,31776,47,5121,33825,44097
dat 59424,5121,801,6977,9,6369,38127,31978
dat 65504,19682,14,44097,6273,34954,7201
dat 11298,3265,1121,2147,8353,19553,10
dat 33939,32641,1627,42159,31850,61440
dat 32641,1630,46255,31850,3840,5227,2083
dat 62571,3617,10,34818,32834,6241,33875
dat 32641,1611,25601,44034,26817,9,35010
dat 57555,32641,1599,26657,11,34850,26625
dat 14,34818,833,14,1025,26785,12,193,32962
dat 33813,32641,1557,26625,14,33810,32641
dat 1711,19457,14,11266,19489,19,1089,44105
dat 31810,61488,2561,61,1089,44103,44105
dat 31810,61488,2561,60,1089,31815,100
dat 44105,31810,61488,2561,59,1089,31815
dat 1000,44105,31810,61488,2561,58,31783
dat 10000,44073,31778,61488,1537,57,3073
dat 31776,1929,50018,24673,24705,24737
dat 24769,24801,25473,19489,10,3073,31776
dat 1810,19457,12,33,37922,57409,1153,57397
dat 2177,32770,33857,33,33815,2081,4929,8
dat 4146,32641,1714,4148,32641,1714,2177
dat 33813,129,44164,3202,57474,4929,3,1857
dat 6,1025,37903,31754,65504,19458,14,44193
dat 1217,35018,4321,129,11394,3105,4193
dat 5219,15425,19553,10,34003,32641,1783
dat 42063,31850,61440,32641,1786,46159
dat 31850,3840,2155,5251,62571,3713,10
dat 35042,32930,1121,33971,32641,1767,26753
dat 3,44162,26657,6,34850,26625,8,51,32641
dat 1753,32641,1714,7937,6913,5889,4865
dat 3841,33857,44129,16484,12,16577,11,6242
dat 39073,16548,1,31906,2880,16546,13,3201
dat 130,57474,21665,1,32641,1841,41058
dat 32834,16577,11,38063,32949,32641,1856
dat 43220,32641,1856,31860,229,32641,1856
dat 2273,31972,65526,4322,1505,34914,31921
dat 16384,32641,1880,6369,35042,43252,32641
dat 1880,31858,230,32641,1880,31860,230
dat 32641,1880,2273,31972,65526,4322,1761,1
dat 34914,31921,8192,32641,1900,6369,36066
dat 43252,32641,1900,31860,229,32641,1900
dat 2273,31972,65526,4322,1761,2,34914
dat 31921,4096,32641,1919,37058,43220,32641
dat 1919,31860,229,32641,1919,2241,31940
dat 65526,4290,1729,3,31827,65533,32641
dat 1836,24673,24705,24737,24769,24801
dat 25473,7937,6913,5889,4865,3841,37731
dat 16417,2,65,1090,18497,3,2561,1,38980
dat 18945,2880,10,34850,1537,2,41011,32641
dat 2129,16449,21,31812,16807,29729,31841
dat 16807,16484,22,1122,2177,34946,3233
dat 31930,32768,2081,33911,4129,3137,33911
dat 5185,31780,16807,29793,31812,16807,3138
dat 1153,34946,2209,31930,32768,1121,33879
dat 4193,2081,33879,5153,34305,4,35329,3
dat 1537,22,3585,21,34922,33,36898,1122
dat 11777,5,36193,16449,21,31812,16807
dat 29793,31873,16807,16516,22,3202,2209
dat 34978,4289,31962,32768,2145,33943,5217
dat 4161,33943,6209,2561,22,3585,21,36968
dat 1122,11777,6,37217,16449,21,31812,16807
dat 29793,31873,16807,16516,22,3202,2209
dat 34978,4289,31962,32768,2145,33943,5217
dat 4161,33943,6209,2561,22,3585,21,36970
dat 1122,11777,7,38241,16449,21,31812,16807
dat 29793,31873,16807,16516,22,3202,2209
dat 34978,4289,31962,32768,2145,33943,5217
dat 4161,33943,6209,2561,22,3585,21,39016
dat 1122,11777,8,39265,16449,21,31812,16807
dat 29793,31873,16807,16516,22,3202,2209
dat 34978,4289,31962,32768,2145,33943,5217
dat 4161,33943,6209,2561,22,3585,21,40040
dat 1122,11777,9,40289,34305,2,33825,37377
dat 11,33281,12,34305,13,34,17569,3,5185
dat 38980,18657,2881,18529,2880,3137,42063
dat 62539,5313,31938,65532,62593,4129,36054
dat 2081,1825,7361,37071,4129,34007,2081
dat 1857,2,7361,36047,4129,34007,2081,1857
dat 1,7201,34863,4289,33847,2241,33921
dat 38066,34945,33857,34994,34881,4171
dat 46191,33825,3201,33875,1153,25633,1163
dat 16545,14,8354,4769,76,7169,38927,49166
dat 3082,6155,673,77,7169,39951,49166,3082
dat 26657,1,1035,673,78,41199,49390,3306
dat 26625,2,235,7841,79,37730,24673,24705
dat 24737,24769,24801,25473,8,63488,7438
dat 1923,7967,36679,65407,59376,8039,61690
dat 27001,6585,41151,33023,44928,22534
dat 61748,24576,15128,8960,49095,58289
dat 11581,8232,255,255,31727,13599,38380
dat 46573,13273,19987,42032,61668,26112
dat 65531,8159,65535,42808,50179,34720
dat 40131,22411,1031,32512,13148,8170,28859
dat 256,65535,15415,6260,5138,55066,21044
dat 9318,32528,16479,16191,16191,7216,38110
dat 56140,49024,255,65460,2278,13072,1535
dat 50662,49660,17927,19338,24141,4842,863
dat 10436,8318,49404,2042,3867,2056,63993
dat 63740,51772,8737,31927,57337,17401
dat 18425,1985,57848,57472,0,37769,41015
dat 65533,63612,2340,37188,53231,40719,0
dat 53199,65280,65280,62944,62695,10129
dat 52259,57741,29760,15117,54008,20814
dat 32481,12336,12336,47067,23308,32676
dat 24862,36279,33278,60745,64845,49344
dat 49344,58427,51238,12111,24543,25009
dat 43252,54236,50906,10198,55043,25935
dat 7096,34814,64767,5138,63258,31,3866
dat 32126,16159,2,771,32647,372,23000,22648
dat 65408,49392,23518,7739,15810,13786
dat 34826,51752,4128,16159,33405,33389
dat 64765,65535,1024,255,49996,61599,65280
dat 63256,36595,34943,52739,4152,40960
dat 65027,9460,4666,36384,39768,31879,2272
dat 32571,5065,63479,59383,30720,128,6630
dat 4428,63631,48951,7436,50196,255,1267
dat 13193,62591,40907,18691,64515,64515
dat 14720,8167,780,31218,2043,36351,49404
dat 2026,2546,24297,6143,65280,65432,42394
dat 14478,58168,1696,7128,4863,65535,1799
dat 3612,255,255,255,255,48826,48826,512
dat 770,9724,43009,64261,26312,25712,48350
dat 13193,62523,65535,0,12,1792,19575,24421
dat 6560,30881,2076,3592,1936,53024,1604
dat 2610,2595,1641,2694,2100,2611,2594,2150
dat 3171,802,858,3814,1965,3238,2627,26381
dat 49727,11293,31773,49710,11293,31773
dat 57919,57919,51007,49727,11805,11805
dat 31773,11805,29774,7186,30290,49471
dat 30228,31837,59144,25094,25167,25100
dat 25174,9838,31026,7189,50734,9814,25167
dat 26467,38696,53016,26368,11347,7219
dat 51002,7238,32326,31852,27760,49781
dat 50976,51002,49745,49492,51021,7213
dat 49516,64587,11337,31845,51039,27666
dat 25100,9810,25100,32562,36459,7698,25100
dat 25167,25167,25132,49480,26484,30311
dat 53032,7262,49534,25175,11267,59176
dat 25132,49480,32597,26412,59220,49665
dat 63323,7221,7216,49777,49534,64553,38696
dat 25140,9740,30220,20330,20284,20279
dat 26492,25170,25140,25167,25140,9740,9740
dat 30220,29697,59152,18192,59144,59152
dat 32306,59152,32306,10546,31809,49408
dat 9780,25187,59220,4625,9780,26420,38680
dat 9740,25140,5213,40197,13348,37757,17672
dat 25170,9810,25100,25100,9810,25167,25100
dat 59208,32304,9264,50805,49738,6448,49781
dat 49482,10537,32297,50811,25100,30215
dat 18260,11888,25100,26425,17715,30264
dat 10290,20041,19550,36450,58190,54327
dat 4120,25100,25100,9780,25100,9780,9780
dat 25100,25100,25100,25100,9780,25100
dat 25100,25100,25100,25100,59136,30228
dat 11593,52088,15667,7426,15716,15896
dat 60776,40213,35855,19978,19534,20031
dat 35899,23845,9780,25100,25100,25100,9780
dat 25100,9780,9780,25100,25100,25100,9780
dat 25100,9780,9780,25100,43341,48394,56123
dat 48129,15648,60282,40216,50042,19796
dat 56344,54073,48703,58184,60189,19229
dat 49991,9780,9780,25100,9780,25100,9740
dat 9780,25100,9740,25140,25100,9740,9740
dat 25100,25140,20820,46104,46410,48157
dat 48465,48413,1142,49936,13396,15928
dat 19275,15940,35660,47428,39756,3184,3659
dat 25100,25100,25100,9780,9780,25100,9780
dat 25100,25100,25100,25100,9810,9740,25140
dat 26420,34155,57466,2913,60928,13429
dat 18540,32796,20048,46126,18554,32890
dat 44140,42001,43288,18948,16425,58408
dat 25100,9780,9780,25100,9780,9810,25100
dat 9780,9780,9780,25167,25100,25100,30310
dat 61200,54064,56130,60198,49213,33914
dat 59400,53276,50005,55334,15889,33608
dat 60188,41809,45109,59439,57348,51209
dat 25100,9780,9780,25100,9810,25100,9780
dat 9780,9780,25140,25100,26492,26492,31561
dat 48648,15939,49931,19245,53262,46149
dat 12329,19230,60745,17181,13375,39705
dat 43520,2644,2560,42106,59945,60236,9780
dat 9780,25100,25100,25100,25100,9780,9740
dat 25140,9740,30220,32073,15167,47872
dat 46115,48674,15105,48643,36446,55422
dat 64261,56382,56576,56180,15679,56122
dat 45178,41082,42362,42082,48760,1054,11
dat 3840,8738,240,17476,14,26112,26112
dat 26112,26112,5,19968,17984,3648,19520,10
dat 27648,17952,1728,35904,9,50688,9792
dat 3168,19584,1,36352,25664,3616,17600,6
dat 11776,17504,3712,50240